# Array shape: (128,)
#
-0.151946
-0.027275
0.010604
-0.018490
-0.026411
-0.033456
-0.044545
-0.168839
-0.052418
-0.187294
-0.035151
0.079896
-0.110156
-0.016721
-0.053271
-0.035306
-0.053112
0.006308
0.022004
0.071691
-0.027541
-0.100242
0.048649
-0.020261
0.051043
0.091789
0.079001
0.072245
0.181399
-0.011934
-0.071167
0.000227
0.040515
0.087695
-0.074695
0.012709
-0.004491
-0.045740
-0.073820
-0.106324
0.019471
-0.105054
0.010870
0.058760
-0.102923
-0.091510
0.079580
0.097318
-0.083416
-0.086855
0.206589
-0.041429
-0.047660
-0.111567
0.100103
-0.074579
-0.078748
0.081627
0.024508
-0.099334
-0.130026
-0.060189
-0.011925
-0.065319
-0.114269
-0.024593
-0.165008
-0.009756
-0.026949
-0.036281
-0.007379
0.177024
-0.086496
0.117591
-0.168093
0.150818
-0.020765
0.062383
-0.112486
-0.029235
-0.000420
0.039602
-0.110016
-0.018900
-0.156634
-0.111332
0.029799
-0.110663
-0.099096
-0.099610
0.083672
-0.113132
-0.097635
0.170727
0.042013
0.124235
0.025928
-0.122257
0.092238
0.008841
-0.140978
0.026449
0.094082
0.012491
0.034002
-0.113817
0.099037
0.020800
0.165342
-0.069206
0.089442
-0.059023
0.027502
0.149031
0.088901
-0.020381
0.087239
-0.108231
0.154968
-0.110386
0.124178
0.112511
-0.020698
-0.033098
0.011030
0.018035
0.072416
0.133899
# 2-D slice -> max_value: 0.206589, min_value:-0.187294 
