# Array shape: (64,)
#
-0.179983
0.057486
-0.056595
0.077536
0.006626
-0.026198
0.001971
-0.062612
-0.116160
-0.100090
-0.039241
0.174156
0.012799
0.088215
-0.128821
0.070229
0.167694
-0.070310
-0.123545
-0.097295
0.008339
0.153154
0.152674
0.026005
-0.087492
0.034011
-0.083158
0.088621
0.143903
0.161153
0.076683
-0.075094
0.105364
0.143585
0.064991
-0.098144
0.122914
0.004094
-0.040048
0.085949
0.060802
0.079257
-0.053517
-0.055700
-0.075815
0.078482
0.100424
-0.037627
0.088303
0.009112
0.034724
-0.135213
-0.000434
0.040600
0.154794
-0.067516
0.033384
-0.011396
-0.092989
0.005838
0.074996
0.121653
0.190198
-0.041651
# 2-D slice -> max_value: 0.190198, min_value:-0.179983 
