# Array shape: (64, 6)
#
0.143569 0.112432 -0.076132 -0.111081 -0.180135 -0.013949
-0.061033 -0.011717 -0.078944 0.042044 -0.072718 -0.087989
-0.103634 -0.210686 -0.053877 0.101081 -0.057654 0.139719
-0.035521 0.176348 0.239541 -0.105400 0.003023 -0.199710
0.217147 -0.293983 -0.187644 0.149283 0.150508 0.090033
-0.122279 0.320475 -0.309844 -0.235391 -0.104775 0.095898
-0.001568 -0.314969 0.054740 0.180230 0.095325 0.123784
-0.223974 0.154743 0.177893 0.090663 0.166135 -0.093514
-0.109182 0.012898 -0.024674 0.200540 -0.183566 -0.141010
0.122618 -0.179590 0.054024 0.195720 -0.042287 0.073996
0.212113 -0.108326 0.007231 -0.315595 0.075114 -0.132454
-0.302406 -0.083730 0.047837 0.133518 0.052304 0.057198
-0.012172 -0.183063 -0.054319 0.158319 0.100229 0.084967
0.076036 -0.123527 -0.044246 0.047533 0.327298 -0.180593
0.164018 0.040367 0.022528 0.027062 -0.079183 -0.229001
-0.305172 -0.079214 0.162871 0.125439 0.036617 0.162370
0.048269 0.016086 0.000586 -0.191736 -0.253393 0.162027
0.025581 -0.157471 -0.019415 -0.203393 0.187628 0.176051
-0.139452 0.080080 0.149441 0.022034 0.113751 -0.259878
0.149715 0.208767 0.130406 -0.162414 -0.355178 0.079256
0.099242 -0.017682 -0.039221 -0.091138 0.216691 0.305019
0.128229 0.191671 0.182341 -0.064062 -0.163825 -0.255927
0.042124 0.128052 -0.057037 -0.083398 -0.221844 -0.173785
-0.048768 0.237190 -0.116991 0.205838 -0.227683 -0.111214
0.067140 0.246019 0.123633 -0.058416 -0.079555 -0.061152
-0.274223 -0.052631 0.094057 0.189807 0.131441 0.084494
-0.061727 -0.156674 0.123553 -0.308545 -0.177002 0.213917
-0.101234 0.205274 0.121077 -0.104001 0.109607 -0.198223
-0.259735 0.060386 -0.213882 0.161360 0.093718 0.182827
0.192772 0.247639 -0.284732 -0.122312 -0.149280 -0.142399
-0.165379 0.279792 0.067669 -0.196943 -0.137498 0.110855
-0.071524 0.044540 0.063671 0.253551 0.144530 -0.294310
0.022222 0.099507 0.097138 -0.041970 -0.339948 -0.126109
-0.214417 0.271478 -0.078585 -0.175609 0.123501 0.182322
0.078894 -0.150024 0.172451 -0.321217 -0.142630 0.087352
-0.165153 0.152789 -0.183018 -0.129956 0.191217 0.018708
0.086927 -0.189899 -0.182449 0.132460 -0.186486 0.213483
0.210309 -0.140592 -0.178635 0.047289 -0.157479 0.037617
0.244104 -0.138322 0.157131 -0.281517 0.030359 -0.097417
0.254274 -0.059090 0.137423 -0.172284 -0.226543 0.118991
0.093525 0.166586 0.196258 -0.117349 0.025348 -0.185359
0.152893 -0.083602 0.052603 0.130950 -0.028248 0.161906
0.087448 -0.129243 -0.098480 0.024163 0.244665 -0.197779
0.145854 -0.007857 -0.289972 -0.139492 0.021797 0.084552
-0.134941 -0.208413 0.118167 0.002790 0.091582 0.090066
0.226990 0.008834 0.088207 -0.239997 0.046796 -0.062274
0.116441 -0.133334 -0.057868 0.144672 0.090785 0.209873
0.036849 0.085140 0.098361 -0.105403 -0.271116 -0.037656
-0.045069 0.089024 -0.362246 0.035985 -0.073222 0.072501
-0.170086 -0.094544 0.059209 -0.013893 0.107764 -0.347510
0.086856 -0.126872 0.025894 -0.306104 -0.080984 0.067644
0.173945 0.042717 -0.114456 -0.110722 0.118665 -0.054302
0.092117 -0.142101 0.032346 -0.105320 -0.269176 -0.115737
-0.112956 -0.210997 -0.018476 -0.176669 0.101144 0.172663
0.147387 0.155486 -0.150249 0.002109 -0.251081 0.067370
-0.091505 -0.203567 0.037773 -0.142255 0.104766 0.093763
-0.083476 0.154960 0.040890 -0.105166 -0.253801 -0.162603
0.012430 -0.011081 0.146590 0.088265 -0.244801 -0.188104
0.128330 -0.026907 0.163540 -0.157480 -0.189909 0.143350
0.110021 0.034984 -0.088252 0.223623 0.065584 -0.202199
0.026309 -0.174651 -0.157398 0.059809 -0.300740 0.035144
0.019106 0.148833 -0.086675 -0.089265 -0.125375 0.147993
-0.240097 -0.051738 0.077179 0.014847 0.147098 0.026635
-0.104002 -0.144265 -0.010413 0.041448 -0.028604 -0.053622
# 2-D slice -> max_value: 0.327298, min_value:-0.362246 
