# Array shape: (128, 64)
#
-0.168759 0.008178 -0.009715 0.115413 -0.017010 0.131204 -0.006311 0.125375 -0.183646 0.032635 -0.130445 -0.098928 -0.073829 0.108656 -0.174885 0.074639 0.193389 -0.073140 -0.028498 -0.019194 -0.188882 -0.169349 0.101198 -0.036418 -0.013050 0.036634 0.054912 0.002346 0.001138 0.044258 -0.022786 -0.020567 0.149962 -0.075802 0.118954 -0.125417 -0.041199 0.026358 -0.144831 -0.064851 -0.116083 -0.031599 0.040479 -0.013978 -0.072853 0.183235 0.047669 -0.014104 0.101763 -0.091500 -0.021504 -0.050383 -0.032809 0.036615 0.062610 -0.045903 -0.131536 0.090689 0.015734 0.017799 0.131303 0.022560 -0.086320 0.066444
-0.148504 -0.016891 0.136125 0.074763 0.198156 -0.249186 0.154379 -0.072248 0.044954 0.102231 0.061536 0.042441 0.090694 0.039395 0.155486 -0.023963 -0.057027 -0.046146 -0.136502 -0.022268 0.171333 -0.180941 -0.134308 0.164275 -0.206122 0.042701 -0.184184 0.051047 0.157344 -0.157129 0.025279 -0.030311 -0.203126 -0.132739 0.030445 -0.042599 0.079420 0.171293 0.185161 -0.141095 -0.112347 -0.010796 0.097534 0.022742 0.014889 0.131545 0.162857 0.009790 0.125519 -0.082633 0.187870 -0.089770 0.095738 0.021088 -0.131022 -0.139415 0.067853 -0.243464 -0.011284 0.056877 0.033572 -0.082189 -0.040780 -0.080072
-0.012441 -0.160745 0.076925 0.057616 0.096297 0.046797 0.047537 -0.050134 -0.131119 -0.119433 0.095765 -0.030612 0.019004 0.034711 -0.001372 -0.034585 0.029137 0.115705 0.054333 0.107500 -0.059515 -0.042834 0.008249 0.072711 -0.127929 0.023443 -0.141522 0.047941 0.164810 -0.130439 -0.060821 0.092906 0.003076 0.135966 0.068893 0.085514 -0.165997 -0.051925 -0.101096 0.021562 -0.108877 -0.015847 -0.080438 0.113665 -0.035697 0.111429 0.021015 0.129920 0.147564 -0.071344 0.080557 -0.009301 -0.108756 -0.035743 0.127750 0.127473 0.115238 0.096451 0.097588 -0.001226 0.097724 0.003036 -0.048170 0.033133
0.082028 0.045872 0.169745 -0.131638 0.116362 -0.069397 0.193986 -0.071355 -0.029482 -0.042803 -0.155467 0.179871 0.010123 0.009907 -0.004784 0.011171 0.170371 -0.009342 -0.097783 0.068582 0.100710 0.044100 -0.189262 -0.155649 0.057666 -0.086584 0.072119 -0.123238 0.103987 -0.142634 0.016634 0.038018 -0.019963 -0.084936 0.072442 -0.094934 0.136661 0.081272 -0.061147 -0.038565 -0.183474 0.151065 0.028355 0.079310 0.145568 -0.056309 -0.039454 -0.038432 0.046550 -0.031097 -0.013692 -0.032398 -0.095888 0.139614 -0.096220 0.089280 -0.070385 -0.138553 0.013467 -0.038208 0.003198 0.091658 0.093276 -0.063552
0.040928 -0.146882 0.022203 -0.113744 0.183510 -0.000188 0.194344 -0.081913 -0.020194 0.033311 0.073240 0.052076 0.179670 0.072796 -0.092339 0.011257 0.016429 0.108675 0.135451 0.071751 0.098742 0.141908 0.082575 -0.094246 -0.034091 0.100621 -0.070706 0.107786 -0.057083 -0.024877 -0.113955 0.054715 -0.022045 -0.062864 0.041496 0.030566 -0.132374 -0.062772 -0.064722 0.058820 -0.007540 -0.012285 -0.119758 -0.030096 -0.007188 0.106491 -0.001187 0.032141 -0.091429 0.127765 -0.044727 -0.066877 0.069201 0.122169 0.080395 0.039756 0.022884 -0.134850 0.037313 0.186449 0.004468 0.009114 0.039792 -0.147965
-0.177041 0.067788 -0.175115 0.081733 -0.012490 0.001940 0.136335 0.074840 0.024051 -0.033260 -0.033641 0.041728 0.050024 -0.080178 0.056932 0.037838 0.048906 0.051350 -0.082128 0.058099 0.017313 0.070026 0.034804 -0.059199 -0.034991 -0.027850 -0.006227 0.021954 0.045156 -0.163432 -0.016216 0.022930 0.049181 0.019722 -0.052845 -0.160365 -0.142206 -0.084445 0.069086 -0.025421 -0.068083 0.114302 -0.117781 0.066012 -0.034418 0.145148 -0.107292 -0.065229 0.016575 0.132092 0.011253 -0.031498 -0.013440 -0.118340 -0.124421 -0.089185 0.101223 -0.142315 0.168443 -0.036775 -0.027074 -0.054602 -0.156409 -0.118254
0.084874 -0.044294 -0.140376 0.109219 -0.063945 -0.168799 -0.018821 -0.007802 -0.067433 -0.013403 0.140569 0.103060 0.080878 -0.078392 0.071434 -0.059203 0.002969 -0.007790 0.038820 -0.055186 -0.087139 0.052296 -0.099946 0.113196 -0.094500 0.004190 0.106833 -0.111423 -0.100729 -0.027332 0.093673 -0.116934 -0.049358 0.074613 0.049097 0.177261 0.059664 -0.072870 -0.013425 -0.045183 -0.129881 -0.110397 0.126014 -0.013630 -0.047439 0.015867 -0.120734 -0.038401 0.128762 0.028457 0.023712 0.074279 0.141503 0.018901 0.061645 -0.102555 0.034381 0.047342 -0.055879 0.139184 0.165569 -0.002164 -0.031440 -0.103658
0.060900 -0.036681 0.190201 0.090257 -0.082325 -0.093606 -0.062887 -0.080953 0.140541 0.189496 0.205733 -0.131538 0.141806 -0.242289 0.012080 -0.149966 0.088671 -0.022190 -0.233927 0.086888 -0.034754 -0.120419 -0.044103 -0.020742 -0.082221 0.006531 -0.031470 0.025375 0.257917 0.209434 -0.025808 0.235860 -0.058770 -0.196361 0.116433 -0.109438 -0.024781 0.055749 0.039076 0.048089 0.145115 0.041057 0.106431 0.293307 -0.227424 0.160158 0.048355 -0.166839 0.288840 -0.147172 0.065094 0.147260 0.104151 0.097666 0.157327 -0.112799 -0.199840 -0.010151 0.080729 0.128838 0.271615 0.027580 -0.194466 0.097064
0.167487 0.037872 0.161800 -0.107584 0.013649 -0.098800 -0.056299 -0.064659 0.103361 -0.084217 -0.020116 -0.107621 -0.055554 0.043510 -0.018685 -0.039863 -0.051276 0.073132 0.148434 -0.123439 0.115180 0.160163 -0.048624 0.007238 0.064004 -0.055193 -0.067457 -0.017510 -0.121630 0.081422 -0.034079 -0.058465 -0.016936 -0.060278 0.171145 -0.102613 -0.067935 -0.071634 0.167209 -0.000304 -0.118014 0.068165 -0.146884 -0.034377 -0.118009 -0.066383 0.056207 -0.021107 0.011863 0.073743 0.018813 0.092348 -0.033088 0.162307 0.177198 -0.115400 -0.019162 -0.082429 -0.092702 -0.067359 0.146876 -0.007882 -0.076617 -0.086138
-0.126427 -0.085843 0.067819 -0.058140 0.084553 0.047746 0.134731 -0.076150 -0.091570 -0.128500 -0.045953 0.195213 -0.028075 -0.005983 -0.174484 0.045062 0.002015 0.136826 0.091458 0.074601 -0.124254 -0.097461 -0.118233 -0.088650 -0.163801 0.050957 -0.087515 0.101788 0.101295 0.029955 0.042613 0.012654 0.071353 -0.049515 -0.001767 0.152668 0.149413 -0.103686 0.044138 -0.060766 0.008507 -0.017799 0.026823 -0.069989 -0.091214 -0.021598 0.171190 0.062653 0.143388 -0.001673 0.161846 0.036914 0.068618 -0.017440 0.088545 -0.028721 0.003539 0.007303 0.076584 -0.047041 0.111323 -0.154400 -0.045257 -0.085351
0.026722 0.153041 0.071265 0.110518 -0.140022 -0.010302 0.002392 0.065628 0.065600 -0.022104 0.147377 -0.121730 -0.039779 -0.013108 0.074392 0.046206 -0.222459 0.034234 -0.007111 0.104156 -0.081493 0.043700 0.129053 -0.034077 0.115836 0.055901 -0.160399 0.058232 0.020237 0.041848 0.071399 0.124461 0.108513 0.126881 0.072149 0.183469 -0.292402 -0.113730 0.025417 -0.152600 0.125860 -0.058158 0.004430 -0.165516 0.088113 0.037939 -0.178519 0.032044 -0.172585 0.025556 -0.192221 0.011367 -0.165595 -0.092669 0.020245 -0.056427 0.113254 -0.204450 -0.055894 0.137816 -0.015957 0.054869 -0.043022 -0.076965
-0.157564 -0.033206 -0.018062 -0.075626 0.050820 -0.155635 0.202602 0.082769 -0.157586 0.036286 0.057365 0.039386 -0.149908 -0.009904 0.071406 -0.048081 0.008434 0.126623 -0.037222 -0.013980 0.119388 0.087944 0.021910 -0.086151 0.029415 0.108102 0.027286 0.067062 -0.059173 -0.131125 -0.116662 -0.045137 0.016095 -0.059705 0.237975 -0.029254 -0.014573 -0.147787 0.221654 0.103241 0.127407 0.037283 0.015406 0.073638 0.027319 0.208946 -0.016241 0.031680 -0.175031 -0.009911 0.133256 0.030345 0.157373 0.044390 -0.229742 0.061300 0.098022 0.163402 0.204498 -0.031091 0.023093 -0.118092 0.057761 0.013035
0.083318 0.079487 0.030099 0.028278 -0.017492 0.028642 -0.094478 -0.004413 -0.200445 0.141189 -0.102685 0.038115 0.100236 -0.211701 -0.015499 0.032847 0.111299 -0.012403 -0.033359 0.212706 -0.017576 -0.099662 0.107938 -0.140739 0.108795 -0.055696 0.119194 -0.005509 -0.232438 0.064602 -0.067669 0.062688 0.093443 0.143178 0.176205 0.132117 0.019986 -0.006890 0.118763 0.022720 0.185039 -0.138160 -0.138844 0.200092 0.116214 0.198417 0.068422 0.124418 -0.042872 -0.080275 0.065695 -0.131967 0.124071 0.025098 -0.109780 0.133608 0.175472 0.031560 0.127076 -0.119493 0.073823 0.214662 -0.162315 -0.116006
0.007582 -0.038189 0.118987 -0.170468 0.157845 -0.022813 0.075708 -0.204855 0.187088 0.033024 -0.003137 -0.091998 -0.077529 -0.235593 -0.216787 0.005938 0.026140 -0.112156 -0.277482 -0.012972 -0.085980 -0.001350 0.023535 0.182950 -0.104009 -0.052826 0.043812 -0.184363 0.160554 0.126171 -0.052276 -0.060465 0.222846 0.073962 0.093541 -0.066284 0.261600 0.126740 -0.148649 0.057200 -0.262780 -0.062877 -0.181553 -0.020864 -0.179279 0.047564 0.143623 -0.049866 0.338810 -0.282066 -0.138826 -0.191981 0.113757 0.052442 0.074814 -0.150509 -0.039757 -0.054041 0.110273 0.096979 0.326838 -0.133420 -0.184600 -0.088589
0.098195 -0.011497 -0.002296 -0.026167 0.112321 -0.012759 0.134258 0.195798 0.006775 0.027373 -0.031233 0.007223 0.013991 0.151383 0.108834 -0.002116 0.102350 -0.112508 0.025414 0.086865 -0.091991 0.174997 0.002138 0.107975 -0.075866 -0.001112 -0.052038 0.177912 0.065279 -0.003111 -0.004277 0.028604 -0.004876 -0.024153 0.085518 0.118535 0.022776 -0.013549 0.106789 0.122834 -0.013616 -0.154083 0.035399 -0.075352 0.072011 -0.074232 0.102302 0.114152 -0.077745 0.206184 -0.059965 -0.165318 -0.066033 0.129547 0.020637 -0.112937 -0.000747 -0.176151 -0.033487 0.116572 0.171487 0.088734 -0.044925 -0.009381
-0.047059 0.002283 0.017319 0.105928 -0.030602 0.155060 0.048916 -0.094230 -0.021615 0.054110 -0.193782 -0.061753 0.032395 -0.000600 0.093602 -0.087172 0.167497 0.179204 0.194033 -0.034014 -0.065660 0.146781 0.003238 -0.011907 0.007753 0.078482 -0.106553 0.087112 0.021584 -0.173283 -0.060694 -0.011557 0.030498 -0.054387 -0.077123 0.150861 -0.011609 0.068891 0.033666 0.088925 -0.022996 0.113844 -0.001110 0.069814 -0.089378 -0.051819 -0.033694 0.052836 0.001255 0.003837 -0.064397 0.014100 -0.004741 -0.182022 0.037478 -0.081172 0.045538 0.090225 -0.092496 -0.073608 0.041805 0.065404 -0.023463 -0.010076
0.098968 -0.029600 -0.107042 0.068150 0.090398 -0.077675 -0.238216 0.033187 -0.201338 -0.208091 0.116524 -0.053763 -0.202325 0.171731 0.216373 -0.127051 -0.100819 0.020516 0.218520 -0.034253 -0.190026 0.130563 -0.010625 -0.046479 -0.174806 0.021742 0.086276 0.202959 -0.197847 -0.006488 0.015207 -0.099328 -0.096039 0.104132 -0.070280 0.182193 -0.066084 0.062444 0.111432 0.049505 -0.133435 -0.151059 0.219357 -0.141812 0.080458 0.230910 -0.122068 -0.025636 -0.142355 0.025751 0.244670 0.068623 0.006507 -0.046937 0.032243 0.009026 0.116669 -0.014987 -0.183495 0.003289 -0.228431 0.041504 0.224480 -0.126191
0.065416 -0.134052 -0.151015 0.035577 -0.014256 -0.125177 -0.023260 0.014080 0.187817 0.016082 0.026201 -0.128424 0.010217 0.063775 -0.036620 -0.075352 -0.344457 -0.116750 0.071392 0.158993 -0.088533 0.222056 0.074593 -0.062615 0.066419 -0.079934 -0.060090 -0.060231 -0.229974 0.107395 0.153494 -0.040797 0.176341 0.028700 0.216861 -0.095044 0.169009 0.019746 0.027021 0.116816 0.248177 0.116404 0.197512 -0.067358 0.151960 0.071617 -0.012075 0.099690 -0.073642 0.204318 -0.137172 -0.091058 0.216939 -0.249230 0.062036 -0.092564 -0.031709 0.031523 -0.036517 -0.058101 -0.082911 0.008767 -0.036865 -0.002935
0.188836 0.056154 0.010505 0.019407 0.070901 -0.099003 0.099853 0.075370 0.221043 0.202993 -0.088073 0.134029 0.122887 0.064294 -0.180520 0.145568 -0.236831 -0.059708 0.108080 0.025942 -0.041050 0.007078 0.209834 0.106982 -0.041405 -0.024013 -0.016242 0.030502 -0.048203 0.060919 -0.024444 0.040930 0.118709 0.006288 -0.098163 -0.159454 -0.099543 -0.003099 -0.085009 -0.090800 0.027076 -0.120186 0.060817 -0.133406 0.131147 0.088738 0.101883 0.057490 -0.084139 -0.022818 -0.131908 0.042048 -0.009469 -0.172163 -0.055323 -0.092770 -0.067118 0.081849 0.060351 0.003304 0.049757 -0.057600 0.025405 0.051566
-0.105062 -0.070635 0.143976 -0.244717 0.101842 0.077981 -0.006932 -0.234647 -0.126544 0.271014 -0.099290 0.038471 0.058026 0.167581 -0.044014 0.096376 -0.218644 -0.108463 -0.054313 0.045453 -0.120120 -0.049309 -0.242409 0.030154 0.020449 0.096465 0.195576 -0.076890 -0.015544 -0.133534 -0.184982 0.019165 -0.022550 0.115375 -0.238197 -0.131543 0.153318 -0.005550 -0.211690 -0.119004 -0.002162 0.039223 0.132464 -0.179647 0.040405 -0.234903 0.184015 0.051985 0.026266 -0.004352 -0.183629 0.007493 -0.116383 -0.085282 0.106106 0.029039 -0.094049 -0.061239 0.124265 0.050757 0.149870 0.011766 0.088404 -0.069550
0.049663 0.078880 0.140829 -0.047252 0.002963 -0.231619 0.190973 -0.057466 0.036108 -0.117316 0.019079 0.046915 0.113188 0.018133 -0.118645 0.001172 -0.118991 0.019538 -0.189375 -0.174724 0.087708 -0.033505 -0.059723 -0.019636 0.020996 0.128208 -0.113629 -0.054635 0.095521 0.025818 -0.104013 0.024371 0.047796 -0.114713 -0.137152 -0.013910 -0.029151 -0.097798 -0.007684 -0.002862 0.020295 0.100685 0.110006 -0.053552 0.066248 -0.143850 0.135445 -0.014075 0.221928 0.067716 -0.100462 0.085236 0.040493 -0.065576 0.058980 0.075526 -0.207213 0.020588 -0.021920 0.125496 -0.014841 0.069643 0.079329 0.028064
0.012039 0.015754 -0.053391 0.073048 -0.066909 0.091937 0.011659 -0.096899 0.082690 0.183709 -0.230292 -0.051782 -0.008546 -0.152623 -0.051653 0.101789 -0.180342 -0.155213 -0.061723 0.042871 -0.241552 0.139646 0.037551 -0.001030 -0.023410 -0.148732 0.013372 0.110603 -0.113763 0.039460 0.064071 -0.189424 0.010245 0.143579 -0.042141 0.046537 0.216328 -0.074788 0.029977 -0.001054 0.086823 0.086423 -0.203025 -0.027552 -0.034869 0.008547 -0.210452 0.031318 0.080608 0.052060 -0.176611 -0.095371 -0.012024 -0.126923 0.105834 -0.164928 0.104814 -0.040454 0.019165 -0.043438 0.251918 0.037915 -0.040137 0.101199
-0.018557 -0.019260 -0.018074 -0.080363 -0.076998 -0.025215 0.009900 -0.042453 0.095113 0.062295 0.026239 0.110597 -0.088401 0.007094 0.020063 -0.092232 0.051667 0.057011 -0.015964 -0.048648 0.047882 0.169447 -0.057656 0.024644 0.029128 -0.089725 0.019899 0.026955 -0.062287 0.107215 -0.170505 -0.079146 0.107567 -0.047238 -0.172830 -0.007914 -0.039494 0.023825 0.005104 -0.091517 0.002622 -0.020249 0.021457 -0.092887 -0.009559 -0.103639 -0.145624 -0.002591 0.098432 -0.060231 -0.085825 0.015471 0.120652 -0.007345 0.079422 -0.086001 0.012223 0.000657 -0.004628 0.046208 -0.051846 0.157089 -0.013145 0.110201
0.162219 0.151817 -0.194619 0.175184 -0.037740 -0.009531 -0.192996 0.027378 0.059681 -0.089605 -0.108025 0.017380 0.024363 0.124012 0.015985 -0.143694 -0.240035 -0.187068 0.150494 -0.076646 -0.277974 0.053342 0.138349 0.111966 0.145184 -0.074389 -0.191656 0.179766 0.036896 0.203666 -0.072422 0.356539 0.182039 -0.052820 -0.155252 0.134003 0.006325 -0.166748 -0.067904 -0.068958 0.105769 -0.051066 0.073757 -0.101861 -0.146185 -0.083551 -0.110314 0.146409 0.058319 0.117888 -0.248550 -0.085568 0.040833 -0.097874 0.202470 -0.155915 0.039831 0.065901 0.031934 0.067853 0.014933 -0.180638 0.009229 -0.079257
0.093103 0.005595 -0.036748 0.006278 0.011761 0.031278 -0.029513 0.062098 -0.148253 -0.157402 0.194948 -0.137124 -0.098905 0.206680 0.117622 -0.069070 0.059589 0.238125 0.188136 0.132116 0.128221 -0.006236 0.022602 -0.238327 0.097108 -0.127937 -0.142126 0.331741 -0.108232 0.168061 0.050246 -0.038288 -0.034974 -0.032366 0.076152 0.087921 -0.225141 0.028095 0.191144 -0.045357 0.111235 -0.096144 0.182889 0.142756 -0.090342 0.199911 -0.289391 0.022907 -0.157650 0.053657 -0.123372 0.081255 0.079519 -0.011249 -0.012035 0.090973 0.014549 -0.204539 -0.084939 0.024618 -0.221123 0.060836 0.236661 -0.083512
0.036083 0.116946 0.176315 0.081337 0.139173 -0.068186 0.000562 0.006896 -0.032891 -0.038678 0.032179 -0.082114 -0.083195 0.096441 0.039223 0.030502 -0.056106 -0.072426 -0.107666 -0.024658 -0.090747 -0.040242 0.112665 -0.001864 0.042156 -0.052285 -0.023672 0.189641 -0.031016 -0.003662 0.152835 0.092155 0.000370 -0.138811 -0.055256 0.055010 -0.011700 -0.002768 -0.064735 -0.055941 -0.175007 0.169489 -0.084249 0.049316 -0.012469 0.007403 -0.022939 -0.006285 0.047010 -0.127323 -0.023017 -0.023037 0.091544 0.007556 0.152518 -0.008354 -0.192607 -0.010565 0.067182 0.031897 -0.071984 -0.188608 0.057450 0.126130
-0.008182 0.004589 0.086833 0.084794 0.050772 0.040197 0.015978 0.020112 0.050472 0.053774 -0.029851 0.097478 -0.017289 0.058895 0.024798 0.099516 0.078260 -0.050000 -0.101982 0.038199 0.043208 0.016222 0.003359 -0.133370 -0.070995 0.086675 -0.089230 0.107094 0.001997 0.016800 0.126771 0.039596 0.058095 0.072714 -0.183083 0.026156 -0.011842 -0.200474 0.136895 0.015958 0.006305 0.060397 0.121672 -0.056077 -0.115295 0.132079 -0.114398 0.049856 -0.073831 -0.079735 0.000687 -0.080206 0.080978 -0.000680 0.104137 -0.045388 0.003257 0.061680 -0.071911 0.066198 -0.082080 -0.053724 -0.071124 0.036912
0.121543 -0.137609 0.149808 0.083550 0.084264 -0.069719 -0.000311 0.200781 0.084679 -0.116048 0.027694 -0.101935 0.011451 -0.055928 -0.125108 -0.003220 -0.135227 0.121598 0.214307 0.081016 0.088202 -0.019742 0.145702 -0.062746 -0.036589 0.064392 0.244985 0.152604 0.156363 0.034583 0.020958 -0.238785 -0.036827 -0.017739 -0.005297 -0.062174 0.123323 -0.082065 0.041350 -0.019967 -0.147759 -0.094376 0.040815 0.151656 0.058229 0.191984 -0.042603 -0.030235 0.051727 -0.045713 -0.109899 -0.013076 0.074117 -0.094168 -0.039743 0.081496 0.120491 -0.094491 0.093641 -0.033171 -0.066584 -0.130171 -0.070695 -0.025225
0.037842 0.048799 0.080147 -0.039865 0.044820 0.036146 -0.205023 -0.076463 -0.138955 0.016989 0.050516 -0.025239 -0.022562 -0.043516 -0.003902 0.077110 0.035236 -0.072282 0.014185 -0.087269 -0.093155 -0.091969 0.082929 -0.014305 0.187393 0.031534 -0.031882 -0.018473 -0.076542 -0.137846 -0.100136 0.031206 0.065128 -0.053249 0.015725 0.136557 -0.071984 0.021045 0.111473 0.034240 0.033481 0.048250 -0.030139 -0.151425 0.029331 0.014503 0.026873 -0.000119 -0.003826 0.065674 -0.057119 0.128112 -0.022024 0.031421 0.051599 0.112901 -0.124267 -0.104665 0.007326 -0.020601 0.089130 -0.084486 -0.055729 -0.047699
-0.195059 -0.098008 0.035415 0.074353 -0.189506 0.049093 0.006296 -0.152738 0.029920 0.076499 -0.061143 -0.173818 0.113192 -0.035040 0.017159 -0.058988 0.002163 -0.090200 0.001132 0.050654 0.101807 0.014861 0.020817 -0.148697 -0.012184 0.075793 -0.016871 -0.018360 -0.094615 0.037176 -0.098171 -0.071353 0.203039 0.099916 -0.165103 -0.003378 -0.094392 -0.189270 -0.058846 0.035668 -0.109683 -0.044688 0.036481 -0.034285 0.025513 -0.071576 -0.013961 0.077829 0.069984 0.064058 0.129824 0.016639 0.108908 0.138965 0.033973 0.088321 0.037314 -0.052959 0.156544 -0.076318 -0.116900 -0.076619 -0.013858 0.005238
0.086394 -0.100953 0.096842 0.120432 -0.011148 0.034893 0.030480 0.132223 0.112287 -0.167269 -0.153411 0.162183 0.067998 -0.014808 -0.125852 0.145617 -0.023165 0.072349 0.037907 -0.030532 -0.040206 -0.093493 -0.113389 -0.070451 0.051310 0.128352 0.084620 0.021936 0.194067 -0.040854 0.063466 0.107932 0.062141 0.172470 -0.108239 0.133808 -0.128658 -0.100168 -0.153415 -0.218571 0.041578 0.014482 -0.166802 0.032136 0.142862 -0.185209 0.071200 0.122553 0.085743 -0.059130 0.006158 -0.063243 -0.058489 0.093687 0.088290 0.141384 0.068388 0.096232 -0.029315 -0.076813 -0.119853 -0.037711 -0.000155 -0.097817
-0.104619 -0.035794 -0.117991 0.085214 0.147157 -0.044877 0.002035 0.015779 -0.058417 0.061265 0.208254 -0.095278 0.144180 -0.017344 0.151779 -0.037461 -0.108276 0.078905 0.077481 -0.073247 0.096269 -0.154767 -0.181523 -0.118422 -0.032812 -0.034694 -0.144142 0.127837 -0.050260 -0.098660 -0.113371 -0.053435 -0.084440 -0.075212 0.057394 0.030020 -0.080257 0.037018 0.126192 0.022059 0.113673 -0.074240 0.045639 0.130535 0.054102 0.262869 -0.048996 0.019702 0.045185 0.310219 0.195671 0.148172 -0.035583 0.036436 -0.079128 0.130289 -0.127573 0.170065 -0.024007 -0.020582 -0.045151 0.034315 0.043706 -0.089450
-0.024930 0.025726 -0.083395 -0.109077 0.088282 0.111142 -0.101203 0.056574 -0.030148 -0.131639 0.176477 0.059981 0.035581 0.106624 0.148171 0.155728 -0.200970 -0.036277 -0.033606 0.023578 0.063863 0.069666 -0.063610 0.129212 -0.105010 -0.121500 -0.124982 -0.119868 0.036929 0.063288 0.090627 -0.025855 -0.124720 0.022549 -0.095860 -0.028783 0.090925 -0.038139 -0.050389 -0.011547 0.074620 -0.057887 -0.074243 -0.064895 -0.091418 0.004496 -0.098327 -0.051818 0.032958 0.022498 -0.015047 -0.010553 -0.124893 0.002479 0.044997 -0.108359 0.154861 -0.001546 -0.094981 -0.023549 0.127396 -0.044578 -0.106165 0.094418
0.159747 0.133073 -0.103050 0.049526 -0.062153 -0.021771 0.092636 -0.042130 -0.190281 -0.234719 0.182047 -0.028009 -0.116776 0.062639 0.055200 -0.031476 -0.093658 0.127496 0.212251 -0.086474 -0.033382 -0.034134 -0.052270 0.118170 0.139325 -0.090897 -0.050122 0.091160 -0.159215 -0.062445 -0.030958 0.076106 0.260503 -0.025380 -0.189297 -0.032711 -0.136297 -0.119852 0.110884 -0.066791 -0.004615 0.201867 -0.076928 0.030021 0.157747 -0.137436 -0.106767 0.078940 -0.033895 0.159406 0.177750 0.103751 -0.182374 0.069431 -0.015334 0.090552 0.098393 -0.069516 -0.207864 -0.113497 -0.186818 -0.049508 0.071355 0.004892
0.004969 0.128489 0.095871 0.096088 0.012208 0.031213 0.222134 -0.123383 -0.036280 0.155867 -0.112464 -0.022891 0.187063 -0.112299 0.041876 -0.112448 -0.129007 -0.116520 -0.146801 -0.136551 -0.006471 -0.057519 0.040384 0.250443 0.163412 0.084480 -0.065171 0.005369 0.001644 0.100243 -0.042660 0.058948 0.150057 -0.020386 0.129371 -0.104961 0.161210 0.081236 0.106742 -0.031137 0.118999 -0.021562 0.072587 0.214800 0.071453 0.100172 0.058095 0.023347 -0.010464 -0.231148 -0.113082 -0.064967 0.100885 -0.117788 0.090214 0.065949 -0.198948 0.026269 0.019902 0.031761 0.181403 0.008266 -0.170754 -0.058269
-0.133610 -0.123851 -0.083379 -0.053630 -0.160958 0.102363 0.089249 -0.001646 0.060418 0.100279 -0.009603 0.117714 -0.044450 0.007612 0.071027 -0.006502 -0.076703 -0.054914 -0.033261 -0.147290 0.173221 -0.180791 -0.137782 -0.012847 -0.105561 0.134652 -0.029105 0.013586 0.008622 -0.137535 0.029128 0.114004 -0.010613 0.101483 -0.098326 -0.160916 -0.053603 0.154138 0.087795 0.175913 0.015792 -0.137489 0.097295 -0.096020 -0.101415 0.122612 -0.162149 -0.040771 0.055882 -0.136290 -0.189996 0.151489 0.022337 0.045425 0.123892 -0.177282 -0.007709 -0.022669 -0.049283 0.031125 -0.043586 -0.031740 -0.062299 -0.047482
-0.181427 -0.026646 -0.032376 0.211798 -0.187231 0.052061 0.093744 0.075309 0.068543 0.069281 -0.050901 0.118221 0.095663 -0.053162 -0.073673 0.134849 -0.084010 -0.207217 0.164568 0.243279 -0.197360 0.228049 -0.110188 -0.231667 0.110252 0.061079 -0.139067 0.119082 -0.228200 -0.172418 -0.023283 0.032475 0.212737 0.026639 0.147202 -0.071060 -0.247104 -0.100754 0.161987 0.121347 0.134737 -0.182607 -0.083350 -0.096417 0.115194 0.052602 -0.011883 0.069225 -0.209859 0.141834 -0.103174 -0.043194 0.200202 -0.024488 -0.173041 0.020395 0.165496 -0.068214 -0.051648 -0.140607 -0.098913 -0.019408 0.167303 0.015496
-0.050475 -0.002083 -0.073436 0.032135 0.008806 -0.279620 0.103267 -0.021220 0.035663 -0.011445 0.113340 -0.050854 0.096741 0.007258 -0.055266 0.079531 -0.062119 0.175308 -0.014748 -0.224202 -0.060651 -0.178397 -0.041204 0.127677 -0.069813 0.098289 -0.036912 -0.049245 0.007643 0.001643 -0.005614 -0.006479 -0.078976 -0.184304 -0.103264 -0.139404 -0.019070 0.136388 -0.122345 -0.042682 0.021371 0.033821 -0.137907 0.089825 0.005793 0.011741 -0.016011 -0.080505 0.136787 0.026268 0.108992 0.122961 -0.039396 -0.064283 0.055601 -0.008740 -0.271802 -0.095304 0.006004 0.203110 -0.020385 -0.181979 0.023973 0.031998
0.032925 -0.102752 0.137486 -0.101837 0.116022 -0.071583 0.096520 0.004889 0.186946 0.047569 0.036782 0.036684 0.099133 -0.015676 0.035545 0.185100 -0.033237 -0.173933 0.142597 0.008137 -0.035762 0.196952 -0.012920 0.287529 -0.005711 -0.040920 -0.225317 0.011148 0.049401 -0.088017 0.016427 0.111639 0.089470 0.021566 0.238388 -0.091190 0.026567 0.113613 0.167774 0.088468 -0.113609 -0.005701 -0.022648 -0.191750 -0.102116 0.163127 0.083434 0.006926 -0.043050 0.103223 0.042293 0.069090 0.249460 -0.197388 -0.104653 -0.186168 0.109293 0.142041 -0.128054 -0.051000 0.128416 0.065180 -0.195065 0.010960
0.010899 0.130063 -0.027315 -0.150460 0.088633 0.070998 0.083035 -0.065893 0.062111 0.145664 0.037899 0.177077 -0.086530 -0.113532 -0.059128 0.058656 0.032831 0.054469 -0.066864 -0.058382 0.166826 -0.150663 -0.100312 0.058396 -0.098225 0.182370 -0.136956 0.011729 0.285675 -0.200264 -0.169308 0.069649 -0.109388 -0.042542 0.004545 0.261450 -0.080032 -0.018421 -0.190104 -0.252583 -0.282438 0.075533 -0.045911 0.178322 0.044701 -0.260033 0.237445 -0.198289 0.208265 -0.196121 0.157658 -0.061363 -0.152164 0.034188 -0.069743 0.152824 0.028886 0.074993 0.144783 0.043047 -0.078010 0.109451 -0.064894 -0.075604
-0.011256 0.073798 -0.126085 -0.021798 0.184972 -0.042385 -0.011184 -0.122019 0.070623 0.097397 -0.074435 -0.053124 -0.029048 -0.111884 0.011583 -0.000860 -0.086813 -0.014946 -0.135318 0.007560 0.046953 -0.101944 -0.055513 -0.124125 -0.068418 -0.091668 0.052346 -0.021949 0.069262 0.109162 0.187327 0.034447 0.161933 -0.121586 -0.084689 -0.043562 0.112221 0.034531 -0.057151 0.108892 -0.124416 0.072588 -0.004907 0.126994 -0.093063 0.108573 -0.011370 -0.174501 -0.090781 -0.087134 -0.129877 0.115381 -0.000554 -0.127501 -0.201432 -0.038717 -0.074367 -0.086723 -0.050518 0.036836 -0.071940 -0.190313 0.204507 0.016417
-0.054910 -0.145955 -0.079495 0.115528 0.049826 -0.078714 -0.089670 0.008208 -0.031220 0.119476 -0.087094 -0.000132 -0.079806 0.115661 0.025656 0.058956 -0.004758 -0.071882 -0.059215 -0.016080 0.020535 0.047189 0.074084 -0.049522 -0.024465 -0.072649 0.140541 0.047493 0.105085 -0.034666 -0.098462 -0.067607 -0.131245 0.064418 -0.071718 0.006201 0.027371 -0.096527 0.189446 0.111218 -0.134222 0.126443 -0.060236 0.013982 0.036130 -0.032603 0.113308 0.114469 0.073405 -0.011176 0.122148 -0.071279 0.066043 0.195228 0.000688 0.031367 0.075763 0.167991 0.047587 0.015182 -0.029316 -0.020129 0.021759 -0.114314
0.062159 -0.023126 -0.115613 0.262797 -0.068465 0.079127 -0.081595 0.066472 0.023744 -0.082042 -0.161437 -0.101984 0.003468 -0.038827 -0.071829 -0.004754 0.108681 0.237269 0.084678 -0.016562 0.118069 -0.131658 -0.100010 -0.083044 0.115404 -0.012026 0.011626 0.103682 -0.031104 0.139600 0.022849 -0.034144 0.090612 0.057753 0.053509 -0.064039 -0.065326 0.074033 0.047579 0.063128 0.040985 -0.018191 -0.036015 -0.079862 0.088409 -0.110348 0.014597 0.124105 0.100009 -0.225485 0.015878 -0.110272 -0.125260 0.160209 0.102324 0.251624 -0.081970 0.000771 -0.241160 -0.109991 -0.148486 0.059436 0.070462 -0.108912
-0.131988 -0.193711 -0.064488 -0.106011 0.011718 0.005574 -0.181357 -0.107267 0.192389 0.009993 0.134026 -0.038642 0.121888 0.045931 0.069799 -0.036263 0.061343 0.034039 0.037904 -0.033785 0.178423 0.080299 0.120602 0.087027 0.044623 -0.012482 -0.004011 0.120062 0.008038 0.005523 0.013767 -0.017279 -0.102460 -0.106761 0.110357 0.000311 0.063333 0.004862 0.005859 0.013490 0.092217 -0.034358 -0.055931 -0.029395 0.055526 -0.021970 0.035675 0.053621 -0.064941 0.002008 -0.121919 0.028673 -0.037215 0.132125 -0.105894 0.034019 0.043406 0.039004 0.062773 -0.061296 0.000871 0.028309 -0.057621 0.005805
-0.030848 -0.087234 0.024774 -0.127353 0.276232 -0.030059 0.048952 -0.118175 0.061756 0.076841 -0.143980 -0.099551 0.064020 0.055601 0.054898 -0.075484 -0.086353 -0.035161 -0.252636 -0.032062 -0.326661 0.093013 0.121432 0.121933 -0.204582 0.015268 0.132727 -0.278327 0.175634 0.028055 0.111301 0.176494 -0.127042 0.045391 -0.070262 0.144520 0.180619 -0.078227 0.028991 0.019366 -0.217193 -0.025410 0.040616 -0.062227 -0.076768 -0.097508 0.010342 0.000298 0.066429 -0.079704 -0.129799 -0.188779 0.023627 -0.296571 0.199223 -0.192561 -0.088743 0.089238 0.024077 0.216734 0.199121 -0.060543 -0.261988 0.047300
0.039796 0.077460 -0.132419 -0.131707 0.270361 0.156363 0.015591 -0.089046 -0.186689 -0.053728 0.174482 -0.015472 -0.129061 0.095032 0.026762 -0.231454 -0.141576 0.156923 0.010730 -0.114891 -0.062491 -0.027745 -0.023457 -0.398518 -0.001426 -0.062671 0.026642 0.031361 -0.070995 0.256049 0.035246 -0.009455 0.157925 0.090403 0.004067 -0.045606 -0.039222 -0.089608 0.193336 0.119986 0.220079 0.070473 0.052144 0.185276 -0.187361 0.111878 0.135141 -0.037789 -0.033207 -0.045148 0.042369 0.229358 0.177092 0.053641 0.207528 -0.017892 -0.061608 -0.061241 -0.015210 0.040852 -0.059191 0.173861 0.044472 0.143501
0.042578 -0.183792 0.123860 -0.025002 -0.065572 -0.133136 -0.095395 0.118411 0.025028 0.111339 0.132005 0.102848 -0.020878 -0.093835 0.092303 0.108298 0.000108 -0.071881 -0.035917 -0.079724 0.003441 0.027009 -0.024659 0.079001 -0.094239 -0.127392 0.042733 -0.009413 0.076799 -0.052446 0.072041 0.038876 0.006938 -0.014041 -0.096757 0.203743 -0.033559 -0.171431 0.029391 0.005703 0.064359 0.175001 -0.147631 0.015352 -0.121855 -0.021641 0.106691 0.059817 -0.178740 -0.068260 -0.098148 0.022722 -0.065613 -0.014441 -0.076479 -0.134866 -0.128195 0.039774 -0.096684 -0.111463 -0.057425 0.008530 -0.023995 -0.089358
0.114411 -0.031878 -0.174019 -0.167918 -0.128162 -0.070576 -0.209684 0.032435 -0.106010 0.018771 0.008394 0.037613 0.053785 0.088240 -0.167399 -0.076919 0.090118 0.174429 0.112007 -0.025993 0.069983 -0.024652 0.046226 -0.177098 0.033306 0.102965 0.056213 0.105962 0.082215 0.077629 -0.095709 -0.124411 -0.004384 0.002698 0.088447 0.208618 0.073035 -0.262476 -0.109460 0.110976 -0.017526 0.132488 -0.145451 -0.044949 -0.082238 0.135456 0.075497 0.041510 0.001809 0.135364 0.206655 0.068452 -0.077248 0.088911 0.105220 0.028024 0.220315 -0.044639 -0.098393 0.129676 0.056762 -0.012432 0.146886 -0.014707
-0.150692 -0.167218 0.114166 -0.132087 0.045745 -0.051831 0.087253 0.219306 0.037879 0.047458 -0.145021 0.143852 0.052045 0.063622 -0.121777 0.176932 0.057213 -0.110894 0.125802 -0.003706 0.018136 0.143399 0.062002 -0.040706 -0.096726 0.096115 0.048897 0.058249 0.078412 -0.092986 -0.142451 0.102769 0.073527 -0.114670 -0.086538 -0.095461 -0.142958 0.142715 -0.180009 -0.104188 -0.019927 0.096011 0.013288 -0.170830 0.247849 -0.079889 -0.182725 0.037259 0.075846 0.157692 -0.166173 0.089172 -0.042663 0.158710 -0.029161 0.188026 0.001898 0.100887 0.025518 0.035523 -0.134509 0.041308 0.121203 0.056383
0.048107 -0.117593 0.100573 -0.155679 0.246161 -0.014309 0.171702 -0.125893 -0.087328 0.193429 0.095905 0.076194 -0.013214 0.049076 -0.076247 0.087899 0.005426 0.237231 0.012738 0.067846 0.199840 -0.162356 -0.020212 -0.209232 -0.169688 0.042674 0.133533 -0.004092 0.036068 -0.088631 -0.105890 0.144994 -0.174835 0.093326 0.044538 0.157637 0.136448 0.126546 -0.083825 0.065606 -0.198616 -0.068166 -0.138312 0.248543 0.140618 -0.018660 0.157244 0.067028 -0.089850 0.066505 0.112962 0.065192 0.083631 -0.040956 -0.012465 0.246919 -0.105499 -0.030233 0.136883 -0.100866 0.078715 0.234573 0.161546 -0.114394
-0.139709 0.009719 0.177817 0.011504 0.089599 -0.117041 0.034436 0.123747 0.012561 0.088075 0.072276 0.182789 -0.001347 -0.015875 0.083401 0.032812 0.123776 0.094513 0.172662 -0.063791 -0.077883 -0.057047 -0.055651 -0.143376 -0.057168 0.010747 -0.027407 0.075049 0.018069 -0.106779 -0.053457 -0.116662 0.087494 -0.004351 0.061171 -0.025456 -0.049115 0.109089 0.092163 0.044966 0.145782 0.128897 0.014403 0.100302 0.251513 0.201650 0.073180 0.009538 -0.068134 -0.036349 0.169140 0.095783 -0.091341 0.139503 -0.183877 0.244814 -0.006499 0.007160 -0.098307 -0.137640 -0.046190 -0.134563 -0.115541 0.034483
0.049747 -0.085871 -0.164816 -0.035103 0.072825 0.125744 0.029923 0.108858 0.021240 0.012795 0.183643 0.077998 0.000595 0.241559 -0.051187 -0.010893 -0.167087 -0.043434 0.189519 0.093091 0.041837 0.052608 0.157204 0.085193 -0.044933 0.139559 -0.026614 -0.142387 -0.140277 -0.087267 0.104230 0.124119 0.186132 -0.083505 -0.123915 -0.003610 0.075445 -0.051059 0.119601 0.051178 0.231573 -0.062894 0.214407 0.025452 -0.068118 0.104920 -0.021804 0.033118 -0.061491 0.030194 -0.101279 0.120110 0.016690 -0.145386 0.010825 -0.185746 0.114462 0.091859 0.047878 0.247043 0.023189 -0.062863 0.096564 -0.023917
-0.110666 0.072576 0.211936 0.054363 0.134619 0.026617 0.147314 -0.187381 0.039142 0.182769 0.128436 0.180470 0.208908 0.137347 -0.057401 0.105760 -0.124445 0.108119 -0.075502 0.024654 0.081850 -0.085330 0.003864 -0.086404 -0.163238 -0.024796 0.006835 0.150227 -0.013841 0.044692 -0.062939 -0.084253 0.070467 0.188712 0.022678 0.066903 0.098260 -0.096992 -0.065261 -0.093062 -0.106091 0.016924 0.014082 0.129483 -0.039369 -0.068317 -0.010041 -0.076782 0.038317 -0.111141 0.139152 -0.063885 -0.064910 0.103989 -0.008195 0.045111 -0.197480 0.035720 0.021216 -0.009295 0.206109 0.100930 0.003970 0.003786
0.105728 0.034080 0.069057 0.080881 0.027770 0.076310 -0.065635 0.186631 0.084605 -0.050627 -0.022684 0.143742 -0.123422 -0.007355 0.076277 0.051738 -0.252088 0.042609 0.255430 -0.121103 -0.082486 0.253719 0.216178 0.083398 0.150565 0.153757 -0.234212 0.014608 0.063284 0.102189 -0.109989 -0.178738 0.173330 0.005802 0.085208 0.079954 0.099897 -0.062073 0.025366 -0.055232 0.185741 -0.011235 0.078297 -0.020939 0.009852 0.081520 0.047549 0.096219 -0.170509 0.259031 0.010909 0.090592 -0.136424 -0.082973 0.062002 0.022113 0.039308 0.219002 -0.148107 0.189191 -0.007945 -0.111226 0.139506 0.019928
0.067757 0.007406 0.002114 0.002128 -0.116739 0.120605 0.096601 -0.112271 0.097755 0.085022 -0.150291 -0.091504 -0.096132 0.047190 -0.064100 -0.089458 -0.078643 -0.105345 -0.101100 0.199693 -0.160306 0.161697 -0.066819 0.121175 0.174330 -0.096094 0.149935 -0.126300 0.117020 0.071788 0.064700 -0.079740 -0.034566 0.134872 -0.090810 0.150093 0.049182 -0.079610 0.000595 0.129781 -0.128960 0.065391 0.006001 0.199746 -0.050826 -0.020012 -0.037155 0.030307 0.146388 -0.279462 0.009848 -0.216510 0.085217 -0.023473 0.189557 0.046089 0.110124 -0.001402 0.141324 0.063226 -0.026598 0.174970 -0.225876 -0.008464
0.004152 -0.041876 0.003016 -0.206759 0.099530 -0.140787 -0.015201 -0.115338 0.070252 -0.009637 0.081341 -0.178439 -0.024286 0.023243 0.206638 -0.023872 -0.048673 0.094313 -0.112881 -0.013664 0.037339 -0.047001 -0.023633 0.013020 0.158254 -0.002907 -0.012483 -0.274459 0.039452 0.087834 0.042010 -0.079932 0.026246 0.061222 -0.078101 -0.028961 -0.100286 0.011753 0.136389 0.214180 -0.032645 -0.058742 -0.024804 0.223698 -0.119862 0.176304 0.012384 -0.037449 0.069528 -0.119497 0.087639 0.200831 0.061133 -0.028002 0.047513 0.064075 -0.116132 -0.043641 -0.216077 -0.008292 0.183918 0.117136 -0.178409 0.067408
-0.213491 -0.004154 -0.140171 -0.185534 0.020245 0.029693 0.235049 0.039012 0.066925 0.057167 0.036939 0.150961 0.101901 0.041200 -0.012448 0.030326 0.122544 0.138336 0.038407 -0.065317 0.094886 -0.055199 -0.130510 0.021395 0.062738 0.150100 -0.088324 -0.027230 0.174046 -0.139794 -0.071236 -0.008861 -0.121447 0.044006 -0.071027 -0.175419 0.094649 -0.029228 0.017158 -0.166403 -0.232104 0.066391 -0.075115 -0.032165 0.102346 -0.212246 0.098132 -0.097755 -0.020253 -0.034213 0.052423 -0.069219 -0.093682 0.145062 -0.200496 -0.000494 0.003594 0.081293 0.076012 0.021840 -0.136633 -0.040027 0.053359 0.116147
-0.124547 -0.169966 0.098541 0.028309 -0.134847 0.081203 -0.016097 0.154521 0.095351 0.067903 -0.038487 0.212340 -0.015330 -0.140464 -0.257898 0.258047 0.085697 0.001355 0.116830 -0.064854 0.025547 -0.039501 -0.002329 -0.181480 0.077627 0.179894 0.114822 -0.047525 0.228052 0.034814 -0.137878 -0.122468 -0.142331 0.007430 -0.229793 0.032748 -0.172146 -0.135878 -0.100908 -0.111649 -0.059977 0.034373 -0.073770 -0.121573 0.225530 -0.128096 0.117268 -0.131007 0.075540 0.027289 -0.111025 0.058348 -0.123729 0.019572 0.077230 0.061577 0.064360 0.173859 0.069987 -0.051551 0.022125 0.025032 0.256509 -0.112190
-0.039247 -0.022963 -0.091664 0.104038 -0.133814 0.095061 -0.055275 0.021393 -0.110339 -0.172443 0.248232 -0.182308 -0.120015 0.032416 0.116931 0.160512 0.104162 0.114814 0.017484 -0.026712 0.065947 0.163783 -0.125172 -0.297267 -0.026043 0.017758 0.024927 0.095521 -0.130924 -0.190954 0.026795 -0.084063 -0.011443 -0.077140 0.156177 -0.028816 0.159755 0.020609 0.188256 0.198854 0.245356 0.037110 -0.115510 -0.079576 0.157505 0.105405 0.084253 -0.030079 -0.090575 0.188339 0.253397 0.118880 0.122652 0.125696 -0.127139 0.165771 0.074416 0.085671 -0.188523 -0.022255 -0.066614 -0.013913 -0.021477 -0.037320
0.111604 -0.174929 -0.193606 0.291357 0.024517 -0.099746 -0.051272 0.190871 -0.062699 -0.103137 -0.056466 0.005870 -0.214907 -0.070667 -0.083695 0.149810 -0.087912 -0.154569 0.063551 -0.014191 0.012948 0.141673 0.000939 -0.002102 0.269577 0.075404 -0.004509 0.140964 -0.099144 0.060521 0.215796 0.022152 0.090184 0.070051 -0.056161 0.012887 -0.051171 0.052821 -0.125969 -0.046219 0.029877 0.095512 -0.037656 -0.107035 -0.112238 0.001788 0.066325 -0.018757 0.012491 0.205583 -0.114553 0.045889 0.037396 0.008648 0.053685 0.131931 0.141833 -0.053467 0.088362 -0.019912 -0.048121 -0.023388 0.120639 -0.127508
-0.041735 0.088214 -0.086728 -0.020329 -0.013422 -0.115394 0.165787 -0.047056 0.022504 0.186094 0.076668 0.062755 0.149531 -0.072211 0.076371 -0.016915 0.037761 -0.005877 0.001580 -0.004982 -0.040782 -0.209769 -0.111729 -0.000750 0.022332 0.028007 0.088043 -0.006211 0.134814 -0.087979 -0.203209 0.055530 -0.232140 -0.045552 -0.072012 -0.085120 0.010679 -0.027492 0.078261 -0.047990 -0.111904 -0.014775 -0.053716 -0.025300 0.106181 -0.154598 -0.012181 -0.139376 0.101783 -0.075725 0.152940 -0.117727 0.095439 0.145453 -0.153862 0.006294 -0.117453 -0.173062 0.121590 -0.154238 0.101824 0.067864 0.071625 -0.075081
0.021159 -0.087345 -0.087405 -0.027289 -0.281820 0.059527 -0.170252 0.188466 -0.074792 -0.029472 0.031622 0.146816 -0.216768 -0.126739 -0.049174 0.186400 -0.219833 0.039422 0.229003 0.112802 -0.080135 0.035228 0.108977 -0.100951 0.194945 -0.047361 -0.209925 0.036728 -0.085185 0.008757 0.163826 0.022735 0.013552 0.152473 0.070042 0.124661 -0.019576 -0.227605 0.078629 0.091888 0.169726 -0.162579 -0.045357 0.048912 -0.036324 0.112856 -0.090920 0.261362 -0.009448 0.122711 -0.107678 -0.136629 0.004821 0.127066 0.082373 -0.044927 -0.041403 0.092894 0.021035 -0.090852 -0.187949 0.054712 0.032332 -0.008980
0.078332 -0.054591 0.075681 0.085869 -0.028866 -0.012388 0.018932 0.078352 0.011562 -0.008765 -0.071587 0.086413 -0.004489 0.030832 -0.096980 0.049342 -0.212543 0.029083 0.144313 0.198930 -0.087817 0.150826 -0.071506 0.004031 0.111104 0.140033 0.179727 0.118274 -0.114736 -0.074097 0.192763 -0.033293 0.154310 0.006718 -0.096505 -0.039973 -0.136799 -0.084815 0.076456 0.006227 0.045395 -0.105879 -0.100415 0.046162 -0.107283 -0.100945 0.011253 -0.134644 0.083761 0.022130 -0.024400 0.050625 -0.148287 -0.106464 0.063677 0.078978 0.180110 0.078023 -0.083740 -0.014455 -0.120517 0.069907 0.143368 -0.129837
0.197324 -0.170682 0.163859 0.063266 0.002667 -0.128461 0.050644 -0.202460 -0.006464 0.142098 -0.043406 0.057004 -0.006801 -0.139636 0.057070 0.134639 0.103640 -0.128500 -0.128700 -0.122953 0.008224 -0.148540 -0.020959 0.206464 0.149148 -0.070101 0.004466 -0.130432 -0.058740 0.003296 0.082963 0.096926 0.183091 -0.099474 0.158045 -0.010783 -0.069716 0.116880 0.060812 0.108599 -0.077312 -0.063486 -0.083124 0.089114 -0.016363 0.117473 0.138303 0.043337 0.146908 -0.216747 -0.058112 -0.140802 0.114729 0.040108 0.032039 -0.123555 -0.012135 -0.196038 0.024491 0.107094 0.113731 -0.159386 -0.031710 0.082763
-0.018802 -0.026530 -0.017218 -0.045203 0.071335 -0.134448 0.065895 -0.116368 -0.017831 0.008547 0.001179 0.117787 0.026727 0.125550 -0.033068 -0.075949 0.028889 -0.008555 0.154793 -0.057575 0.169649 -0.023050 0.020184 -0.049392 0.034105 0.066820 -0.065930 -0.033756 0.127317 0.019461 0.014635 0.111385 0.002226 -0.026696 0.045465 0.123323 0.113200 -0.062757 0.035251 0.070102 0.025340 -0.047645 0.207050 0.203015 0.093613 -0.110169 0.195710 -0.185738 -0.062543 0.093748 -0.112635 0.080173 0.034203 0.076035 -0.033330 0.112569 -0.111946 -0.023985 0.019077 0.127914 0.163852 -0.074488 0.164659 -0.115802
0.161942 -0.157240 0.019302 -0.087888 0.068362 0.013814 -0.010035 -0.162961 0.004467 0.022432 0.128364 0.028386 0.229855 0.143301 0.154583 -0.161489 0.032150 -0.085455 -0.121297 -0.101072 0.004587 -0.025898 0.004509 0.064946 -0.165614 -0.026474 -0.136514 -0.118770 -0.072848 0.003508 -0.076220 0.227922 -0.115754 -0.175969 -0.103222 -0.078166 -0.052058 0.003588 -0.053930 0.075916 -0.166844 -0.078205 -0.052734 0.158673 -0.009428 -0.070770 -0.059909 -0.099491 0.038710 0.017458 0.075057 -0.027547 0.195224 -0.214589 -0.157332 -0.098237 -0.126662 -0.089658 -0.025534 -0.003437 0.021025 -0.089115 -0.153150 -0.050459
-0.061401 0.061802 -0.000768 0.098332 -0.027187 -0.143332 0.093433 -0.150902 -0.105360 0.049840 -0.127346 -0.099967 -0.101092 0.083500 -0.032090 -0.119274 0.022110 -0.036731 0.089226 0.129452 -0.039079 -0.059067 0.024062 -0.008122 0.052344 0.017988 -0.113657 -0.002735 0.079519 -0.109497 -0.038717 0.180792 0.079711 0.154119 0.060553 -0.130546 -0.028990 0.104516 0.034495 -0.013225 -0.084950 0.029384 0.035006 -0.016603 0.030297 0.058771 0.006696 -0.126229 -0.078576 0.048240 0.125429 -0.035897 -0.035956 0.008860 0.184789 0.017257 0.077930 0.042545 -0.030931 -0.139986 -0.089270 -0.173827 -0.177176 -0.010182
0.062062 -0.073583 -0.058499 0.061298 0.027515 0.011784 0.099330 0.035211 -0.161887 0.178245 0.071816 0.156619 -0.029568 -0.205979 -0.055340 0.123559 -0.052754 0.037144 -0.115448 0.009701 0.180929 0.033902 0.097703 0.085985 0.166384 0.160019 0.061386 0.126659 -0.180602 0.054053 -0.023287 -0.055025 0.071669 0.020695 0.067871 0.132344 -0.006819 -0.065385 -0.058601 -0.119590 0.054776 0.093400 -0.032896 -0.071200 -0.125260 0.131864 -0.016013 0.037583 -0.077908 0.119735 0.033481 0.129036 -0.073422 0.047036 -0.018551 -0.044481 -0.048958 0.119270 -0.133973 -0.117140 -0.175164 -0.019267 -0.057945 0.139154
-0.151797 0.041451 0.077434 0.045785 -0.001305 0.156510 -0.072353 -0.183846 0.060306 -0.036072 -0.015725 0.105020 0.187113 -0.103190 -0.083916 -0.025559 -0.044165 0.082517 -0.069688 0.023161 -0.047145 -0.039968 0.134885 0.023309 0.086928 0.138493 0.014469 -0.101342 0.096316 0.050953 -0.152570 0.041466 0.031606 -0.134461 -0.010268 0.068449 -0.189902 0.150652 0.108332 0.174242 -0.061411 0.131706 0.055008 -0.078301 -0.034503 0.110767 -0.136953 -0.192451 -0.146985 0.031862 0.071388 0.023242 -0.075593 -0.042138 -0.084062 0.166559 -0.102215 0.020134 -0.096183 0.108269 -0.160290 0.019302 0.082293 -0.061874
0.052705 0.096566 -0.107833 -0.036174 -0.139546 -0.049136 -0.098859 -0.009967 -0.004676 -0.106466 -0.073746 0.081256 0.019182 0.042321 0.066602 -0.063076 -0.049888 -0.060445 -0.078980 -0.008394 -0.063766 0.028183 0.114908 -0.183650 0.109802 -0.074868 -0.005912 -0.153791 0.122876 0.099110 0.136477 -0.073213 -0.028896 -0.046653 -0.094663 0.084600 0.050327 -0.013880 -0.031675 -0.064618 0.091467 -0.056465 0.017607 -0.128319 -0.052373 -0.062773 -0.054589 -0.032568 0.080051 -0.050994 0.108728 0.002331 0.056621 -0.013978 0.058050 -0.131124 -0.014440 -0.002358 0.065098 0.012064 -0.080754 0.082494 0.003052 0.104367
0.047766 -0.052235 0.160704 -0.012019 -0.063825 0.088796 0.043848 -0.125551 0.105279 -0.076338 -0.068429 0.266908 0.020213 -0.072555 -0.195118 0.103741 -0.033895 0.069595 0.026315 -0.022107 0.065041 -0.142099 0.036202 -0.165461 -0.009942 0.172927 -0.016280 -0.011298 0.096442 -0.109321 0.064879 -0.098258 0.162320 0.114113 0.089712 0.157346 0.100751 0.098667 0.033111 0.035879 0.022753 0.018325 -0.007945 -0.171923 -0.102988 0.049243 -0.123949 -0.032995 0.207408 -0.113371 -0.004829 0.025399 -0.027447 -0.010814 0.039879 -0.066034 -0.090030 -0.063835 -0.079393 -0.071783 0.102577 0.020993 -0.010275 0.048093
0.113736 0.004441 -0.094371 0.117937 -0.000961 0.129396 -0.008413 0.087105 -0.117511 -0.125699 0.048582 -0.207644 -0.034720 -0.033078 0.018946 -0.070598 0.134708 0.149090 -0.001005 -0.070627 0.083285 0.084814 0.006893 -0.213422 0.105082 -0.087759 0.039089 -0.038199 0.063896 0.095061 0.091877 -0.329271 -0.070710 0.049263 0.061645 0.208581 0.036645 0.147476 0.147796 0.222880 0.142820 -0.064832 0.032725 0.156565 -0.109413 0.182429 0.026712 0.144578 -0.113558 -0.064355 0.129526 -0.002095 0.053160 0.047500 0.071302 0.026157 0.123315 0.113059 -0.090560 -0.152798 -0.136039 -0.116282 -0.013252 0.130881
0.118181 -0.058680 -0.039142 -0.034963 -0.032081 -0.200625 0.046587 0.027807 0.071501 -0.003112 0.119102 -0.118459 0.108435 0.025439 0.175175 0.086410 0.125938 0.081157 -0.002171 0.025716 -0.182196 -0.035725 -0.033998 0.109338 -0.111786 -0.007728 -0.097943 -0.170015 -0.034968 0.066135 -0.045586 0.175143 -0.040769 0.060546 0.023263 -0.173867 0.185613 -0.069147 0.130574 0.165606 -0.000555 0.024240 0.161299 -0.125774 0.108760 0.086634 -0.013361 0.077023 0.158188 -0.119752 0.122821 0.109926 0.019428 -0.018862 0.166832 -0.085256 -0.061686 0.174804 -0.038141 0.040920 -0.021395 -0.017255 -0.175681 -0.094662
-0.148536 0.004524 -0.075638 0.285793 -0.156841 -0.004055 -0.082804 0.077628 0.063852 0.063275 0.129396 0.092015 0.006474 0.097805 0.074256 0.140997 -0.102798 -0.122204 0.335747 0.106643 0.016153 0.182720 0.000119 -0.157480 0.139591 0.225945 -0.080018 0.178530 -0.012331 -0.121663 0.086813 -0.007857 -0.029335 -0.039527 -0.089840 0.062948 -0.087545 0.014661 -0.085882 -0.013437 -0.071987 -0.023834 -0.021846 -0.149691 0.086642 -0.114878 -0.009418 0.051857 -0.060433 0.242983 -0.207148 -0.044079 -0.129007 -0.015051 -0.102263 0.077149 0.089409 0.181877 0.098761 0.105131 -0.073481 -0.030975 0.129835 -0.164493
-0.202207 -0.104090 0.164721 0.009293 0.049375 -0.121822 0.111980 0.100790 0.148979 -0.003946 -0.007913 0.119771 0.068906 0.148036 0.055473 0.138128 -0.090160 -0.128218 -0.030348 0.075482 -0.192862 -0.022329 -0.061905 0.126770 0.137337 0.152909 -0.100807 -0.045453 0.052904 0.084643 0.160770 0.104588 0.141817 -0.091898 -0.042579 -0.141177 0.029308 0.100531 -0.185853 -0.018216 -0.145559 -0.021191 0.009983 0.030721 -0.109565 -0.225035 -0.097924 0.138899 -0.006924 0.024112 0.035789 0.062753 -0.046409 -0.074118 0.042484 -0.066811 -0.096603 -0.201300 0.084844 0.050857 0.189323 0.040299 0.135972 -0.131228
0.067926 -0.126280 -0.156057 0.226575 -0.120120 0.020782 -0.126184 -0.104703 0.030589 -0.067251 0.138517 0.048762 -0.198467 -0.167476 0.025550 -0.088477 0.021558 -0.170346 0.065982 0.046707 -0.036309 0.213004 0.211813 -0.091083 0.186174 0.051206 -0.154132 -0.029312 0.179303 0.068196 0.004529 -0.094551 0.160547 0.153037 0.148457 0.148469 0.034238 -0.023820 -0.023327 0.154330 0.121012 -0.090519 0.025673 -0.118066 -0.074060 -0.038515 -0.003672 0.045939 0.183128 -0.153337 0.192848 -0.047229 0.071269 -0.192444 0.084741 -0.199046 0.110523 -0.162243 0.052813 0.115810 0.107284 0.204570 -0.027273 -0.057282
-0.043162 0.120621 0.167736 -0.032318 0.173023 -0.215182 0.095571 -0.060592 -0.165177 0.003743 0.086137 0.136363 0.168855 -0.052639 0.192691 -0.057866 0.032727 0.036381 0.062633 -0.079004 0.055828 0.067363 0.001477 0.118406 -0.094271 0.057709 -0.094538 -0.161502 -0.008133 -0.063113 0.018787 0.076083 -0.038687 -0.262504 0.148711 -0.077811 0.165330 0.038131 0.069734 0.067325 -0.003607 0.017191 -0.024137 0.096508 0.198600 0.069837 0.003751 -0.083656 0.022793 0.032720 0.012637 0.124770 0.087278 -0.013121 -0.079760 0.138122 -0.153950 -0.037171 -0.138976 -0.025357 -0.014392 -0.243440 0.151395 -0.195392
0.203914 -0.214080 0.064003 -0.021425 0.082153 0.211004 -0.155091 -0.052143 0.021365 0.089217 -0.009034 -0.148780 0.015551 -0.071845 0.000286 -0.207766 0.018629 0.026088 -0.123891 0.076070 -0.224318 0.163443 -0.034745 0.122869 0.033050 -0.042820 -0.009027 -0.122527 0.127697 0.178728 0.010617 0.066550 0.015587 -0.078446 0.177603 0.011659 0.047388 -0.175935 -0.020373 0.056465 0.070907 0.136347 0.105508 0.023215 -0.188710 0.173698 0.104524 0.128488 0.063726 -0.174080 -0.045579 0.112908 -0.000560 -0.221210 0.055739 -0.313082 0.042885 -0.127416 0.034033 0.156721 0.149244 0.124827 -0.115525 0.081260
0.062374 -0.194776 -0.007584 0.033434 -0.268426 -0.018171 0.071913 0.122594 -0.171827 -0.093675 -0.181943 -0.005882 -0.116166 -0.224683 0.041024 -0.064243 0.129010 -0.121972 -0.095075 0.085306 -0.028213 0.199105 0.107663 0.068299 0.060030 0.065341 0.174158 0.020733 0.109720 -0.077807 0.077216 -0.134785 0.089939 0.059729 -0.115971 0.086884 -0.088993 -0.096527 -0.107565 -0.034716 0.229588 0.147788 -0.202184 -0.021503 0.134435 0.042868 -0.001248 0.056800 -0.064681 -0.088718 -0.084931 -0.024850 0.066481 0.049212 -0.061615 0.146221 0.049455 -0.039412 0.006288 -0.229073 -0.101686 0.060840 0.135132 -0.012423
0.011249 0.048282 -0.242685 0.182771 0.055510 -0.083035 -0.133234 0.110706 -0.153441 -0.015060 0.116674 -0.181972 -0.194033 0.304559 0.125997 -0.213755 -0.210346 0.213006 0.039554 0.028033 0.032062 -0.024912 0.115156 -0.084200 0.011141 -0.202964 -0.101329 0.117925 -0.128473 -0.103073 -0.084365 -0.196210 -0.059918 -0.117347 0.283396 -0.177118 -0.105082 0.035741 0.131537 0.146200 0.090582 -0.110372 0.178646 0.100737 -0.002900 0.157716 -0.014232 -0.012383 -0.063381 0.085785 -0.020257 0.101676 0.021949 0.194619 -0.084544 0.304499 -0.059948 0.024632 0.031546 0.063532 0.028496 -0.103127 -0.073884 -0.087385
0.185512 -0.050859 -0.061816 0.109570 -0.108099 0.083112 -0.038933 0.077591 0.121469 -0.016736 0.046149 -0.020635 0.091533 0.023144 -0.116853 -0.081844 -0.236955 -0.203265 0.066708 0.066887 -0.182597 0.102069 0.189832 -0.067886 0.172213 -0.062318 -0.252556 0.020532 -0.151676 0.039358 -0.024529 0.182602 0.235218 0.104904 -0.081349 0.009096 -0.041710 -0.014964 -0.008863 -0.103687 0.219728 0.019444 0.088947 -0.113500 -0.151052 0.146401 -0.193549 0.174928 0.176381 0.219985 0.005135 0.090902 0.171895 -0.143829 0.136255 -0.117349 0.162918 -0.165208 -0.153088 0.163517 -0.039364 -0.132845 -0.011101 -0.068830
0.081543 -0.102021 -0.080031 -0.025512 -0.016369 -0.094631 -0.115885 0.072397 0.085850 -0.159988 -0.043593 0.036994 -0.000486 0.180137 -0.175338 -0.101234 -0.119774 0.145690 0.193883 0.007520 0.077303 -0.074560 0.111789 -0.002151 0.082613 0.067106 0.107586 0.116251 0.063561 -0.019410 0.004311 -0.120527 0.095535 -0.125527 0.058998 -0.044679 -0.184266 -0.096767 -0.062820 0.079012 0.013480 0.011346 0.108951 0.091744 0.042572 0.078869 -0.155165 0.031071 0.032094 0.208458 -0.046715 -0.075629 -0.088674 0.227082 -0.027918 -0.043791 0.045936 -0.110529 0.089480 -0.054781 0.098850 0.079918 0.091026 -0.011213
0.115955 0.102296 -0.063733 -0.102637 0.045249 0.165789 -0.165369 0.125097 0.111296 -0.201631 0.013043 -0.135127 -0.094109 0.018572 -0.096833 -0.201423 -0.005742 -0.069316 0.145284 0.184393 0.076691 0.118442 0.178393 -0.000476 0.206631 0.032424 -0.124664 0.087552 0.027295 0.214652 0.197097 0.089895 0.116695 0.001582 -0.020324 0.110950 -0.128683 -0.137681 -0.097338 0.019495 0.100141 -0.207132 -0.078632 0.149804 -0.144897 -0.177945 -0.147729 -0.067548 0.012658 0.007143 0.058175 -0.183454 -0.115315 -0.055097 0.238236 -0.001810 0.034509 0.128164 -0.187893 0.177108 -0.050343 0.165791 0.064449 0.061451
0.131864 0.090595 0.069508 0.003003 0.052627 -0.186969 -0.112348 -0.078939 0.045598 -0.024391 0.004485 0.071075 -0.059462 0.033115 -0.078137 0.006647 -0.151094 -0.175610 0.052791 -0.145367 -0.052508 0.086994 -0.101117 0.065761 0.096332 0.170996 0.139678 0.139085 0.001400 -0.127398 0.056757 -0.127740 -0.043673 -0.093769 -0.031874 0.045695 0.070785 -0.031026 -0.061555 0.044117 0.031124 0.166705 0.089867 0.058600 -0.046425 -0.074212 0.083149 -0.097284 0.034881 -0.064135 -0.110482 -0.102182 0.031487 0.073221 -0.067466 0.058857 0.191782 -0.069508 -0.003394 0.053019 0.050639 -0.051425 0.062383 -0.128673
-0.303726 -0.081336 0.111102 -0.121283 0.083893 -0.100608 0.086372 0.014586 -0.229032 0.176569 0.120221 -0.063732 0.076188 -0.089229 0.263345 0.075285 0.133204 0.201027 -0.013854 -0.117897 -0.017118 -0.068524 -0.057628 0.031447 -0.073675 0.037944 0.173874 -0.001333 -0.086010 -0.208101 -0.009431 -0.097105 -0.111790 -0.100830 -0.065175 -0.102493 0.066796 0.136050 0.146780 0.048881 -0.125124 -0.030994 0.111548 0.069557 0.064187 0.091887 0.139926 -0.055019 0.191141 -0.049437 -0.009592 -0.033292 0.091976 0.115212 -0.209080 0.081453 0.074899 0.087887 0.001741 0.069824 0.102605 -0.042836 0.091244 -0.189318
-0.137310 0.067319 0.092571 -0.089475 -0.079591 -0.101335 -0.071823 0.039168 0.124120 -0.003676 -0.106810 0.086362 0.082669 -0.045533 0.062043 0.096704 0.029123 0.094963 0.099191 0.131206 0.158879 -0.046689 0.142874 0.081706 -0.019860 -0.005311 -0.112892 -0.134386 0.136459 -0.127157 -0.075592 0.103042 0.140898 -0.097071 0.036761 0.001335 -0.059462 0.127319 0.064173 -0.104370 -0.137519 0.079761 -0.112622 -0.075997 0.041020 -0.107622 0.059453 -0.101694 0.109057 0.037825 0.018297 0.035686 0.139429 -0.019547 0.005113 -0.136410 0.001959 0.055342 -0.026242 0.024118 0.028675 0.063574 -0.018205 0.048753
-0.134582 -0.075766 -0.120555 -0.048037 0.157091 0.038273 0.016850 0.031079 -0.161141 0.064457 0.170074 0.156983 -0.119860 -0.061561 0.168203 0.000983 0.191078 0.094174 0.131201 -0.030253 -0.008615 0.066923 -0.115145 -0.077209 -0.091388 -0.059512 -0.113529 -0.069804 0.020582 0.041605 0.004820 -0.215395 -0.065923 0.058892 0.134139 0.063327 -0.001284 -0.039035 -0.004394 0.043880 0.058483 -0.051263 -0.003743 0.019882 0.050984 0.142346 0.072063 0.032483 0.074306 -0.099648 0.194126 0.012369 0.164296 0.060139 0.022775 0.174758 -0.122024 -0.155442 -0.006288 -0.086047 -0.053200 -0.134227 0.074302 -0.043768
0.165216 0.089278 0.069437 0.055293 0.077827 0.005658 0.188760 0.102115 -0.004071 -0.184763 -0.078101 -0.022879 0.017422 -0.041429 -0.084110 0.047789 0.062574 -0.014501 0.039307 -0.106011 0.043782 -0.100563 -0.015508 0.038702 0.103160 -0.115095 -0.141627 -0.060836 0.076354 0.129219 0.014749 -0.093939 -0.151786 0.029364 -0.099450 -0.061170 -0.027844 0.041493 -0.057025 0.033133 -0.063162 -0.006538 0.106494 0.066887 -0.006745 0.161197 -0.118295 -0.090487 0.021048 -0.030695 0.041447 0.108375 -0.063217 0.004959 -0.127801 -0.092365 -0.061040 -0.123760 -0.012992 0.085960 -0.173302 0.105754 0.073154 0.049986
0.109281 -0.015826 -0.056679 0.168344 0.193364 0.066496 -0.064097 -0.164704 -0.069716 0.117211 -0.048331 0.106817 -0.005184 -0.111918 0.161022 0.065738 -0.094844 0.004599 -0.061885 -0.153871 0.065878 0.094333 0.152409 -0.150563 0.194810 -0.141273 0.028921 -0.189113 0.123114 -0.049562 0.061811 -0.023085 -0.107058 0.114894 0.115539 0.199366 -0.082410 0.067251 0.101249 0.104710 -0.028495 0.143000 0.166052 -0.006073 -0.030804 0.089128 -0.000446 0.153112 0.131459 -0.103562 0.033173 -0.039112 0.063524 0.081930 -0.061472 0.105984 0.029332 -0.014406 -0.187135 0.072354 -0.080164 -0.056522 0.080040 0.127394
0.127640 -0.000880 0.133321 -0.125119 0.083569 0.049443 0.007377 0.145210 -0.045735 -0.132039 -0.152237 0.221280 0.137102 0.002356 -0.124370 0.060363 0.156515 0.075132 -0.205023 -0.039353 0.080017 -0.190003 -0.078523 0.093803 -0.074299 0.186733 0.182801 0.049648 0.161511 -0.004664 0.154647 -0.051447 -0.027884 -0.051437 -0.040272 0.073811 -0.027092 -0.037969 -0.079921 -0.061933 0.132192 -0.094361 0.149044 0.080450 0.026613 -0.145091 0.192930 -0.029585 0.269567 -0.014850 -0.076548 0.068865 -0.082571 0.026103 -0.065398 -0.058887 -0.093382 -0.007105 0.020458 -0.169821 -0.055025 0.082926 0.132371 -0.115343
-0.071159 -0.101036 0.000507 0.020933 0.120134 0.103117 0.079887 0.049120 -0.077030 -0.110497 -0.087427 0.062453 0.209176 0.102651 -0.024563 0.061891 0.122238 -0.058684 -0.107631 -0.088377 0.141212 -0.135823 -0.003287 0.179051 -0.114899 0.172477 0.017392 0.122866 0.186495 -0.142452 -0.125546 0.031253 -0.169222 -0.079116 -0.099447 0.000156 0.020846 -0.037603 -0.091360 -0.097418 -0.018503 0.081168 -0.049538 0.047704 0.073302 0.068679 0.119236 0.047883 -0.005422 -0.015248 -0.015042 -0.095900 -0.134548 0.008842 0.137190 0.018068 0.026536 0.058639 0.085236 0.004201 -0.157143 -0.030084 0.010896 -0.069445
0.035271 -0.055756 -0.036781 0.023823 -0.056846 0.139474 0.131346 0.217380 0.063296 -0.047688 -0.059860 0.051085 -0.003374 0.021563 -0.183421 -0.036803 -0.138626 -0.084791 0.190036 -0.106018 -0.036095 0.099740 0.082337 0.143699 0.025967 0.206027 -0.149576 -0.005022 -0.088011 0.174397 0.067586 0.015482 0.030061 0.013382 -0.069267 0.086597 0.069461 -0.173156 0.013925 -0.029372 0.065666 -0.026063 -0.022378 -0.133366 -0.074854 -0.089862 -0.174470 0.118641 -0.151928 0.221440 -0.144712 -0.042866 0.123692 0.019808 0.043871 0.031460 0.138702 -0.032347 -0.056699 0.030632 -0.112454 -0.038050 0.098855 -0.016693
-0.300732 -0.153121 0.106443 -0.124992 -0.001274 -0.161724 0.086903 0.128673 -0.103579 -0.188593 -0.128183 0.078900 0.069449 0.156698 -0.051786 0.137045 0.065287 0.087994 0.162656 -0.078827 -0.019313 -0.036702 -0.180078 0.076732 -0.012339 0.053856 0.024128 0.028681 -0.012219 -0.161250 -0.035580 -0.046409 -0.089029 -0.068166 -0.020319 -0.100352 0.014966 0.059758 -0.025242 -0.067753 -0.031806 -0.033865 0.053507 0.039117 -0.014118 -0.198179 0.059320 -0.012968 0.077295 0.011896 0.158894 -0.061433 -0.259108 0.132462 -0.187881 -0.089511 -0.042809 -0.066909 -0.009364 -0.101640 0.070244 -0.193138 0.184972 0.111434
-0.219236 -0.147922 0.136268 0.023714 0.010556 -0.128687 0.106194 0.006518 0.044126 0.257025 -0.114360 0.018045 0.155324 -0.078058 -0.029359 0.059097 -0.023078 0.092093 -0.075385 0.006686 -0.010225 -0.189689 -0.177049 -0.151091 0.015214 0.157698 0.073139 0.096294 0.049267 0.004711 0.007309 0.015956 -0.152535 -0.055845 0.114882 0.060388 0.062461 0.088255 0.086827 0.056531 -0.041619 -0.089947 -0.031755 -0.016381 0.015267 -0.061390 -0.015878 0.009906 -0.045121 -0.151498 -0.007624 -0.072613 0.103758 0.121676 -0.116926 0.140757 0.002848 -0.071413 -0.136902 0.073732 -0.035371 0.183225 0.114880 -0.082000
0.035076 0.085569 0.130958 0.093886 0.130638 -0.173529 0.256669 0.060331 0.086505 0.232504 0.039716 0.103944 0.141910 0.017191 -0.033146 0.028916 0.106027 -0.010924 -0.064330 0.066224 0.064787 0.129563 -0.065663 0.041006 0.062118 -0.023152 0.175991 -0.126438 0.103125 -0.236919 -0.055490 0.020244 -0.017694 -0.128702 -0.066264 -0.163680 -0.107648 0.009214 -0.026024 -0.042850 0.119454 0.050320 0.181295 0.095420 -0.051851 -0.016736 0.110381 -0.012486 0.060084 0.124811 -0.019479 -0.042972 0.000620 0.204021 -0.033105 0.157487 0.018335 0.060753 -0.079636 0.162591 -0.049699 -0.103961 0.097629 -0.106635
-0.083525 0.058343 -0.131785 0.012417 -0.095795 -0.093165 0.026930 -0.041227 0.027884 -0.109823 -0.102920 0.105444 -0.184414 -0.056720 -0.139806 -0.005655 -0.118613 -0.135374 0.053652 -0.113061 -0.008430 0.167498 0.069978 -0.043587 0.002764 -0.039988 -0.041659 -0.096215 -0.033050 0.146723 0.063139 0.088783 -0.111419 -0.067478 0.055549 0.075803 0.004817 0.131255 0.025215 0.003591 -0.069558 -0.091816 0.005226 0.012181 -0.036605 0.102552 0.027319 0.038257 0.002302 -0.041957 -0.023133 0.007612 -0.174580 0.039905 -0.191564 -0.129750 0.090487 0.148933 -0.085753 0.076754 0.023827 0.075648 -0.072306 0.017942
-0.021405 -0.035613 0.113162 0.077710 0.013538 -0.150678 0.127342 0.056244 -0.067093 -0.043675 0.169538 -0.062649 0.008282 -0.021408 0.036569 0.233526 -0.020513 0.173431 0.039680 0.040548 0.245751 0.077811 -0.082556 -0.171960 -0.092158 0.092491 0.310140 0.050506 0.074004 0.065569 0.029849 -0.067943 0.088281 -0.060185 -0.044776 -0.059828 -0.118488 0.066515 0.105667 -0.171297 0.035873 -0.103667 0.034390 0.130522 0.220940 -0.016471 0.137973 -0.026391 -0.122440 0.013045 0.136525 -0.154235 -0.095866 0.071497 -0.000437 0.124640 0.038117 -0.229528 0.032641 -0.179294 -0.073741 -0.023522 0.060716 0.022524
0.119900 -0.054936 -0.251674 0.104881 -0.010644 0.059058 -0.019645 0.001665 -0.144259 0.154073 0.126567 -0.142432 -0.000911 0.193680 -0.053477 -0.179424 -0.173973 -0.056703 0.126007 0.087672 -0.221351 0.232244 0.137762 -0.092672 0.130974 -0.127457 -0.234362 0.126666 -0.237219 0.127646 -0.108768 -0.086950 0.243038 -0.071411 -0.025498 -0.013894 -0.091418 -0.087934 0.258819 -0.020164 -0.038214 -0.013962 0.241166 -0.066688 -0.101251 0.030939 -0.082178 0.218941 0.099314 0.123183 0.069504 -0.035974 0.032093 -0.080218 0.176676 -0.046111 0.032360 0.112117 -0.172915 0.256795 0.002386 0.053016 0.007789 0.058379
0.041299 -0.127949 -0.105202 -0.012473 -0.085111 -0.028532 -0.085662 -0.102164 0.041469 0.169636 -0.033674 0.194764 -0.057169 0.076513 -0.110010 -0.005981 -0.132609 0.178513 -0.055915 0.000216 0.152239 -0.071313 -0.178284 0.129289 0.006769 -0.055219 -0.098141 0.107298 0.098138 -0.068313 -0.182549 0.017128 -0.037085 0.059927 -0.130565 0.125773 0.066863 -0.008709 0.103889 -0.023490 -0.080624 0.077256 -0.056605 -0.056144 0.074478 -0.076601 0.040556 0.080204 0.173204 -0.026219 0.005294 0.019675 0.070927 -0.019479 0.083286 -0.035153 -0.090016 -0.117950 -0.046239 -0.023977 0.162730 -0.127022 -0.106888 0.068448
-0.147940 0.162515 -0.046271 -0.076315 -0.130409 0.020094 0.128533 0.017588 -0.040859 0.115396 0.139447 -0.161782 0.199482 -0.154535 0.057756 0.016640 -0.132485 -0.154902 -0.169046 -0.083479 -0.023261 0.103217 0.090914 0.022058 0.087800 0.048974 0.005784 0.005627 0.026677 0.035345 -0.047613 -0.026530 0.127472 -0.098769 0.024457 -0.064950 0.016627 -0.118380 -0.108242 0.020380 -0.085988 0.041046 -0.086798 0.106832 -0.067021 -0.083089 0.084119 -0.054944 -0.011823 0.181423 0.009090 0.078438 0.010624 -0.002006 0.001762 -0.110778 0.081143 0.041027 0.086587 -0.118595 0.080156 -0.057500 0.096752 -0.064811
-0.130196 -0.010634 0.041578 0.118345 0.021002 -0.008457 0.056461 0.050246 -0.020037 0.218517 -0.126813 -0.146121 0.183918 0.083618 -0.127387 0.083040 0.098970 0.148570 -0.028761 -0.012526 -0.000771 0.035822 -0.101778 0.023144 -0.038671 0.096322 -0.071883 -0.095191 -0.038475 -0.003933 0.020382 -0.008968 -0.062699 -0.051915 0.159588 -0.232023 -0.001416 -0.059923 0.116467 0.082659 0.134020 -0.151809 -0.000978 0.041839 0.166041 -0.086490 0.104253 -0.021773 0.084443 -0.056016 0.062518 -0.107566 -0.089111 -0.039720 -0.160041 -0.054239 -0.036198 -0.049068 -0.183637 0.117958 0.120826 -0.096697 -0.033639 -0.012878
-0.080348 0.018600 0.103438 0.038441 0.132556 -0.133067 -0.033410 -0.065686 0.191911 0.166585 0.039482 0.016237 -0.094246 0.012425 -0.004202 -0.129563 -0.031583 -0.294372 -0.074058 0.155402 -0.229675 -0.129000 0.073654 -0.044235 0.014503 -0.185444 0.147593 -0.134724 0.035645 0.142366 0.073624 -0.053233 0.048534 0.009139 -0.186317 -0.083042 0.045118 0.084001 0.048051 -0.069520 0.077553 -0.069611 0.005690 0.020288 -0.052587 -0.083938 -0.148132 0.154988 0.029168 -0.027919 -0.260697 -0.128933 0.065407 -0.130358 0.183308 -0.100020 0.148907 0.110379 0.121742 0.196100 0.100487 0.003737 -0.123333 0.110650
0.042837 -0.148841 0.054161 -0.063335 -0.063768 0.094012 0.128169 0.049976 -0.030796 -0.021228 0.011640 0.011501 0.011885 0.022718 0.110795 -0.034128 0.115093 0.045415 -0.057841 -0.126024 0.131205 0.172822 0.107531 0.129962 -0.043699 0.006121 0.064379 -0.131975 0.008652 -0.133134 -0.021510 0.032554 -0.077520 0.161838 -0.010277 0.104310 0.102551 0.191574 0.122814 -0.022408 0.086827 -0.020500 -0.038258 0.100703 -0.032815 -0.111127 -0.114924 0.028884 0.014450 0.072849 -0.064534 -0.038356 0.020710 -0.034711 -0.085431 -0.010731 -0.020253 -0.077838 -0.111409 -0.133707 -0.075620 -0.171028 -0.020047 -0.113014
-0.078130 -0.049165 0.130706 -0.012945 0.069522 -0.095200 0.120890 0.004999 0.009554 -0.048245 0.072126 0.063401 0.199120 -0.094073 -0.100007 0.061619 0.019987 -0.014624 0.006570 -0.090914 -0.014395 -0.113635 -0.075906 0.094787 -0.084760 -0.041816 0.095939 0.054041 0.148781 -0.119139 -0.169166 -0.094292 -0.038586 0.053098 -0.132278 -0.026967 0.131458 -0.009551 -0.192202 -0.052921 0.174700 0.047913 -0.030934 -0.120814 0.192350 -0.057718 0.006324 -0.018220 -0.152125 -0.006375 0.008068 0.141924 -0.152486 0.175561 -0.085932 0.057607 -0.133842 -0.020896 0.197895 -0.078339 -0.173562 -0.020167 0.121904 -0.067826
-0.039288 -0.066885 -0.045515 -0.257861 0.104876 -0.109348 -0.137489 0.027119 -0.082511 0.088337 -0.020799 -0.058073 0.050123 0.009127 -0.117796 0.035672 0.215054 0.062567 -0.247923 -0.279832 0.137495 -0.155326 -0.109791 0.036179 0.010441 -0.162279 0.039582 -0.065749 0.165505 -0.013443 0.003756 0.083840 -0.166799 -0.080907 -0.074487 0.058387 0.030797 0.026714 -0.080372 0.008051 -0.010275 0.076534 0.046930 0.282310 0.041026 0.045183 0.140772 -0.072204 0.131238 -0.037073 0.082963 0.022498 -0.141587 0.154572 0.037127 0.023619 -0.229083 0.046177 -0.124114 -0.062929 -0.013053 -0.020218 0.054322 -0.163215
0.178011 -0.066100 0.185851 -0.166927 0.076211 0.019325 -0.111597 -0.267906 -0.115114 -0.093240 0.257849 -0.097447 -0.069050 -0.207663 -0.059218 0.033907 0.235349 0.199591 -0.259497 -0.034871 0.248764 0.089784 -0.039134 -0.130686 0.148098 -0.226640 0.136977 -0.107019 0.026589 0.063322 0.069387 -0.089280 0.002600 0.031482 -0.070970 0.074513 0.278320 0.011244 0.055187 0.191755 -0.075863 -0.119100 -0.177324 0.278749 -0.123380 0.070696 -0.090635 -0.075721 0.067419 -0.259210 0.027651 0.083710 0.161072 0.004377 0.126022 0.019853 -0.238825 -0.297277 0.051889 -0.183112 0.031485 -0.097449 -0.014131 -0.069359
-0.002210 -0.114025 0.034867 0.286113 0.003468 0.024966 -0.025203 0.202618 0.009037 -0.028882 0.058415 0.008938 -0.144762 -0.130485 -0.094674 -0.159582 -0.291902 -0.132048 0.231088 0.089263 -0.034907 0.198865 -0.002253 0.082679 0.166879 0.016482 -0.130940 0.134345 -0.103307 0.215724 0.067534 -0.016544 0.123478 0.127530 0.005870 -0.084552 -0.036721 -0.082111 0.080658 -0.000852 0.166584 -0.144744 0.039996 -0.059001 -0.030435 -0.096913 0.042801 0.085572 -0.085570 0.106327 -0.088412 0.001695 0.139354 -0.040441 0.046887 0.092521 0.184651 0.075772 0.025517 0.092232 -0.087652 -0.064522 0.180222 0.031640
0.102252 -0.152637 0.008549 -0.052444 0.061040 0.020696 0.000815 -0.040684 -0.057061 -0.112639 0.214543 -0.111778 0.078770 0.108006 0.152945 -0.187887 -0.009732 0.103291 -0.009252 -0.164172 0.056687 0.003879 0.152821 0.052108 0.012438 -0.251413 -0.212611 0.077112 -0.054774 0.117854 0.001027 0.016246 0.135065 -0.201152 0.031824 -0.202008 -0.039451 0.061777 0.180279 -0.044298 0.199428 -0.049644 0.069989 0.115805 -0.171540 0.112030 -0.023969 0.018726 -0.086566 -0.183294 0.031466 0.033044 0.080721 0.033005 0.105361 -0.072985 0.162956 -0.121449 -0.212036 -0.017659 0.142465 -0.063527 0.002928 -0.201567
0.032437 0.035777 -0.050777 0.051850 -0.078201 0.044969 0.030514 0.205019 0.303134 0.063851 0.016788 0.101201 0.116089 0.147553 0.010880 -0.073580 -0.209842 -0.167925 0.190095 0.120947 -0.169721 0.006825 0.083349 0.098395 0.031581 0.011584 0.048451 0.012550 0.122792 0.125390 -0.022859 -0.107429 0.067735 -0.027828 -0.106027 0.079061 -0.021515 -0.033121 -0.029851 -0.079129 0.071018 0.073406 0.075773 -0.157988 -0.148091 0.037378 -0.027495 0.024755 -0.088041 0.171821 -0.277493 -0.056372 0.008426 -0.108830 -0.026810 -0.157581 -0.079603 -0.019430 0.021145 0.278214 -0.020133 0.085471 0.165442 -0.061105
0.075177 0.041282 -0.200022 0.108906 0.117696 -0.133008 -0.063839 0.189226 -0.022004 0.083892 0.090699 0.062270 -0.019076 -0.195462 -0.069529 -0.241236 -0.172659 -0.007822 0.145412 -0.226190 0.094941 0.012030 0.026743 0.043875 0.132204 -0.116887 0.083390 0.027749 -0.282071 0.205119 0.064329 -0.079108 -0.098871 0.033588 -0.119960 0.195152 -0.225932 0.047868 0.040255 -0.144900 0.075226 0.150063 -0.054076 0.052329 0.050691 0.268668 0.037440 0.058817 -0.001095 -0.063326 0.064276 0.037354 -0.067620 -0.036152 0.039246 0.048033 0.021357 0.071472 -0.129145 -0.025047 -0.000204 0.064473 0.034701 0.115411
0.008396 0.113306 0.126361 0.011914 0.009909 -0.141993 -0.016290 0.162855 -0.032570 -0.026465 0.068231 0.093005 0.035250 0.020891 0.008543 -0.099582 0.042643 0.026493 0.173993 0.078839 0.043978 -0.164293 0.033959 0.056267 -0.149608 -0.114921 0.039670 -0.127687 -0.086820 -0.123398 0.129953 0.134404 -0.068448 0.163390 0.098760 -0.069991 -0.080099 -0.055058 -0.161282 -0.067764 -0.064697 -0.146390 -0.035538 0.141326 -0.030010 -0.020528 0.044217 0.018773 0.073836 0.130162 0.099742 0.054500 -0.119056 0.014826 0.029304 -0.068504 -0.127686 -0.007770 -0.173024 0.024405 -0.089545 -0.000773 -0.103723 0.062696
-0.017892 0.199556 -0.005447 0.069245 -0.020325 0.116137 -0.053840 0.141389 -0.056452 0.079506 -0.171983 0.000508 -0.075211 -0.111443 0.084006 0.083808 0.008513 -0.076570 -0.015652 0.025601 0.037530 0.022583 0.064679 -0.024146 0.151015 -0.137136 -0.031724 0.008681 0.033497 0.142027 0.120531 0.021500 0.073811 0.060640 0.121060 -0.022254 -0.171837 0.038458 0.062651 -0.044401 -0.022922 0.100831 -0.037183 -0.056015 -0.045391 -0.096588 -0.104259 0.010450 -0.063405 0.104450 0.189365 0.041878 0.033964 0.160466 0.038703 -0.090289 -0.082332 -0.022891 -0.199951 0.055443 0.077443 -0.154503 0.122568 0.029528
0.136192 -0.062783 -0.111463 -0.143986 -0.094308 0.295799 -0.089590 0.124735 0.143606 -0.083262 -0.013319 -0.137287 -0.026835 -0.167440 -0.162338 -0.227220 -0.056043 -0.028389 -0.074623 0.255917 -0.043214 0.049583 0.299845 0.115048 0.317133 -0.153560 -0.257618 0.097264 0.237348 0.231820 0.112199 -0.064264 0.102972 0.369580 -0.167346 0.188081 -0.132498 0.153884 -0.334814 -0.276412 0.026851 0.087966 -0.032210 0.239958 -0.272971 -0.080673 -0.018415 -0.010557 -0.042320 -0.098295 -0.141837 0.080355 -0.202399 0.061206 0.182213 -0.275414 0.265322 -0.016908 -0.078677 0.219599 -0.198869 0.282559 -0.204818 -0.046123
-0.058897 -0.049223 -0.115661 -0.029470 -0.132464 0.098709 -0.011973 0.086947 -0.071440 -0.090952 0.075574 0.002861 -0.163747 0.051182 -0.010524 0.127032 -0.007639 0.003239 0.057021 -0.056397 0.099014 0.020024 -0.000617 -0.034244 -0.175340 -0.035433 -0.027785 -0.067078 0.019844 0.079070 0.080794 -0.140116 -0.075694 -0.050650 -0.157047 -0.130896 0.021018 0.070179 0.097707 0.135551 -0.010180 0.082276 -0.059977 -0.048916 0.017935 0.095364 -0.053611 -0.088883 0.074562 0.070335 -0.085213 -0.130581 -0.020015 -0.007304 -0.025220 -0.084932 -0.077615 0.117096 -0.178371 0.076019 0.018085 -0.007129 -0.024821 0.099958
-0.186374 -0.057869 -0.017962 -0.010677 0.095180 0.050590 -0.017067 -0.112167 0.016356 0.053704 0.007369 0.023135 -0.004709 0.090581 -0.069116 0.122954 -0.045808 -0.039508 -0.055527 -0.007430 -0.095905 0.000307 0.180506 -0.016405 0.133657 -0.177231 -0.047692 0.144310 -0.004526 -0.099878 -0.051557 -0.023852 -0.160230 0.034899 -0.111221 0.112333 -0.154117 -0.089327 -0.136997 0.063633 0.019892 0.124478 0.051670 -0.109856 0.045545 -0.100004 -0.130699 0.000190 0.025345 -0.004039 -0.019288 0.084356 -0.109317 -0.100432 -0.084380 -0.092648 0.012370 0.051049 0.122046 0.117339 -0.106598 0.025441 0.070321 0.099998
0.100020 -0.037283 0.060440 0.127077 0.073277 -0.136756 0.012153 0.031153 0.132616 -0.089897 0.017944 0.040140 -0.074849 0.139535 0.110720 -0.052175 -0.044918 0.058574 0.033302 0.078520 0.010401 0.132340 0.010860 -0.073847 0.085266 -0.075564 -0.029432 0.030374 -0.037324 -0.004594 -0.018781 0.030320 -0.016914 -0.058173 0.047302 0.102126 -0.167625 -0.088532 -0.026594 0.113440 -0.070331 -0.021018 0.041692 0.003572 -0.072058 0.042669 -0.079937 0.062195 0.062900 0.035906 -0.081333 -0.129746 -0.024559 -0.133001 -0.078893 -0.061406 -0.105280 0.011158 -0.042702 0.041456 -0.046650 0.062742 -0.012034 -0.050190
0.015881 0.034161 0.106119 -0.126706 0.026486 0.059630 0.190437 -0.162697 0.082507 0.039262 -0.229205 0.131873 0.109242 -0.211777 -0.039727 0.235553 0.130099 -0.001828 -0.108298 0.062844 -0.001552 -0.130175 -0.160407 0.094752 -0.226817 0.267504 0.035951 -0.208923 -0.013595 -0.192643 0.092085 -0.030885 0.007653 -0.065406 0.076510 -0.127418 0.051542 -0.031174 0.085783 0.253967 -0.141281 -0.115527 -0.116682 -0.142780 0.147193 -0.103246 0.209365 -0.069274 0.143218 0.044431 -0.056956 -0.027139 0.039914 -0.035981 0.065776 -0.059422 -0.054325 -0.084025 -0.063089 0.041249 0.276792 0.016798 0.034540 0.107326
-0.144729 -0.065756 -0.107555 0.048417 0.047546 -0.101624 0.052352 -0.113795 0.013928 0.083656 0.022386 0.107616 0.155990 0.116295 0.076923 0.011166 -0.013913 -0.002209 -0.116188 -0.123553 0.153094 -0.033877 0.012365 -0.004992 -0.090349 0.009688 0.004280 -0.141584 -0.106309 -0.053238 -0.029292 0.011158 -0.017839 -0.172808 0.249280 -0.153511 0.012000 0.155932 -0.001773 0.148981 -0.066567 -0.170359 0.062788 0.146121 0.104930 0.046086 -0.016905 -0.088566 0.120134 0.145399 0.090219 0.186727 0.094010 0.083729 -0.012009 -0.026437 -0.094152 0.063422 -0.097178 0.037663 0.154785 -0.001051 -0.009601 -0.023891
0.002000 -0.127392 0.089204 -0.064284 0.081583 0.142421 -0.102338 0.196646 0.076050 -0.000850 -0.221340 0.125049 0.055274 0.007470 -0.146386 0.134036 0.030959 -0.144241 0.036562 0.170514 0.048496 -0.000241 0.159808 -0.039433 -0.094207 0.082160 0.154461 0.016196 0.150852 0.104766 0.215813 0.121470 -0.035970 -0.013010 0.013160 0.152561 0.100318 -0.115794 -0.146981 -0.026398 -0.094950 0.011402 0.080226 -0.194710 0.109907 0.017478 -0.063210 0.056560 0.012867 0.005727 -0.244887 -0.094798 -0.110384 -0.019734 0.080288 0.009337 0.124220 0.057594 0.001328 0.025589 0.174894 -0.043536 0.084404 -0.136540
0.031050 -0.033976 0.004435 -0.083600 0.099501 -0.017366 -0.069691 -0.155831 -0.006299 0.024665 -0.078879 0.019086 0.045181 -0.057888 -0.137625 -0.094787 0.146899 -0.147181 0.041324 0.174939 -0.082253 -0.143619 0.062300 -0.013651 0.019083 -0.068410 -0.058497 -0.015422 -0.071749 -0.075131 -0.050198 -0.159880 0.085097 -0.064016 -0.021127 0.123564 0.189889 -0.022779 0.035364 -0.182538 -0.101179 -0.017402 -0.147987 0.010277 0.128835 -0.098171 0.037310 0.082560 0.036352 -0.063885 -0.191588 0.020509 -0.132091 0.053222 0.134094 -0.070206 0.023277 -0.062794 -0.119231 -0.153600 -0.067337 -0.088568 -0.009063 -0.080585
-0.022512 -0.085428 -0.025216 0.135588 -0.040854 0.071664 -0.011515 0.135994 0.054215 -0.039048 0.026925 0.156032 0.199589 -0.056277 -0.105999 0.169989 0.096428 0.149783 0.081324 0.005215 0.064800 0.020750 0.063567 -0.084792 -0.007896 0.238961 0.069457 0.057509 0.071603 -0.101965 -0.033099 0.054916 0.058521 0.000141 -0.177045 -0.046916 -0.021764 -0.009395 0.008749 0.016730 0.101147 0.105049 0.056870 -0.072171 -0.000909 -0.161399 -0.021578 -0.056670 0.049548 0.053996 0.142447 0.069465 -0.076545 -0.058071 0.036757 0.190136 0.090145 0.123294 0.001763 -0.100875 0.029499 0.117298 0.137434 -0.098034
0.023901 0.041228 0.081450 -0.049982 -0.046993 0.278536 -0.019580 -0.041361 0.076730 0.002982 -0.136692 -0.239025 0.054550 -0.190490 0.063012 0.072393 0.079459 0.020488 -0.009352 0.035451 0.060416 0.124221 0.181905 0.131920 0.105330 -0.112599 -0.087156 0.080379 -0.046415 0.192237 0.093987 -0.152081 0.124120 0.122759 -0.158317 0.008233 -0.023059 0.073111 -0.040166 0.049296 -0.023827 0.042770 -0.158299 0.074672 -0.277336 -0.066333 -0.072405 -0.077545 0.268303 -0.057399 -0.222808 0.128963 0.133670 0.059520 0.015176 -0.166527 -0.013792 -0.069594 -0.015637 0.158050 -0.102025 0.059707 -0.172055 0.058541
0.069021 -0.068669 -0.071311 0.018204 -0.023009 0.033265 0.040456 0.068481 0.345114 0.063871 -0.202448 0.163398 0.066870 -0.010244 -0.124076 0.054160 -0.146297 -0.231071 -0.159521 -0.134907 -0.243491 -0.133945 0.167443 0.210921 0.124678 0.225595 -0.108485 0.081050 0.188946 0.089617 0.214036 0.068564 0.269323 -0.053057 -0.272157 -0.220080 0.063959 0.010960 -0.007605 -0.136866 -0.076926 -0.019597 0.058295 -0.195267 -0.194081 -0.007997 -0.110098 0.219173 0.063588 0.209553 -0.073406 -0.030110 0.020490 -0.303589 0.056982 -0.213294 -0.115661 0.129152 -0.200380 0.209326 0.082196 0.052712 -0.026547 0.071758
0.179590 -0.151749 -0.125065 -0.055872 -0.103149 0.043513 -0.274985 0.127484 0.070058 -0.036244 0.184278 0.039885 -0.248349 0.093918 0.107824 -0.246166 -0.076148 -0.122421 0.087845 -0.013834 -0.125814 0.141350 0.143027 0.049152 0.005803 -0.005008 0.021801 0.053929 -0.122552 0.092415 0.233866 -0.037420 0.004811 -0.095604 -0.036253 0.006991 0.043742 0.034630 -0.005861 -0.028734 0.188924 -0.099736 -0.027250 -0.084533 -0.300452 -0.028116 -0.081099 0.047961 0.009802 -0.005040 0.033052 0.134000 -0.024591 -0.118833 0.134314 -0.066394 -0.028771 0.006359 -0.044742 0.117874 0.033195 0.024461 -0.043557 0.044920
-0.076865 -0.000461 -0.030324 -0.129717 -0.000145 -0.111253 -0.077039 0.115548 -0.001197 -0.079415 0.042821 -0.026777 0.093320 -0.021782 -0.058934 0.010227 0.048261 0.001344 -0.000315 -0.139501 -0.155371 0.029700 -0.096811 0.063882 0.138033 0.121094 0.023760 0.036985 -0.055397 0.125587 -0.104114 0.013558 -0.044941 0.041855 0.058400 0.123145 -0.078256 0.121729 0.168838 -0.041729 -0.084609 -0.032963 0.022412 -0.150661 -0.115091 -0.073681 -0.040561 -0.088445 0.068659 -0.149372 0.019196 0.101159 0.131403 0.053465 -0.017239 0.031912 -0.167375 0.095046 -0.003819 0.009528 -0.131787 0.030643 -0.010462 0.078356
0.085343 0.045814 0.095013 0.135812 -0.032261 -0.060789 0.031370 0.052486 -0.024159 -0.159068 0.051829 0.038783 0.006190 -0.034020 -0.066373 -0.010406 0.052988 -0.005231 0.098407 -0.124939 -0.053030 0.085698 0.181282 -0.000743 0.085152 0.167330 0.135840 -0.007734 0.152955 -0.090361 -0.017132 0.067463 -0.125019 -0.153823 -0.007381 -0.160313 -0.049218 -0.064271 0.162543 0.100769 -0.047009 -0.100097 0.086015 0.009459 0.013394 0.128480 -0.020459 0.017787 -0.175408 -0.102014 0.083480 -0.164294 -0.084522 -0.054638 -0.085225 0.098076 -0.073511 -0.122500 0.062460 -0.131578 -0.130525 0.051237 0.168482 -0.107473
-0.053702 -0.093584 -0.120143 -0.003229 0.176309 -0.105367 0.025040 -0.009715 -0.061798 -0.072143 0.188771 -0.072999 0.150287 0.138075 0.015254 -0.006332 -0.086636 0.094049 0.135230 0.023673 0.024917 -0.143556 -0.248121 -0.156241 -0.101310 -0.060930 -0.017982 0.108468 -0.040531 -0.307734 -0.126554 -0.133010 -0.132886 -0.084527 0.093750 -0.050442 -0.117148 0.022921 0.075304 -0.062974 0.035523 0.074933 0.049397 0.009288 0.221059 0.075776 0.049227 -0.092264 -0.076829 0.235166 0.096885 0.060435 -0.002737 0.160984 -0.266159 0.101628 -0.100581 -0.037802 -0.014654 -0.054309 -0.010771 -0.021292 0.179945 -0.161605
0.166553 -0.147166 -0.056556 0.091357 -0.092800 0.103380 -0.017565 0.177422 -0.122679 -0.023806 0.082877 0.017075 -0.125317 -0.014600 -0.146278 0.200427 -0.074882 0.152631 -0.073919 0.003693 0.057442 0.171964 0.002774 0.056328 0.027126 -0.011648 0.012865 0.157776 0.042154 -0.038975 -0.004820 -0.033694 0.000430 0.055847 0.152417 0.024256 0.042201 -0.180912 -0.066893 0.020709 -0.019714 -0.034668 0.081631 0.044825 0.178969 -0.079827 -0.171126 0.170962 -0.072121 0.104017 0.096268 -0.108438 0.012082 0.244255 0.070672 -0.048194 -0.005396 -0.098772 0.039908 -0.236166 0.039281 0.096502 0.159087 0.083950
# 2-D slice -> max_value: 0.369580, min_value:-0.398518 
